229
WP_490674411.1 0.0000000 0.8170396 4.0686907 4.1506011 3.5620322 3.9273788 3.6285620 0.6753793 4.4285525 5.2646423 3.3899620 3.3723939 5.3146149 2.9984206 5.2819648 4.4936250 0.1808412 2.5634959 4.1506011 2.8524997 1.8771763 5.3480994 5.2095559 1.9169558 4.7878374 4.7285865 4.7194456 3.2943573 2.8360658 3.4995386 4.0724263 3.6215692 4.6089212 7.3577142 3.9987046 4.2565507 4.5891095 2.3003113 4.0598377 2.1503550 4.2453639 4.2907230 4.6809611 2.6298903 2.3995600 4.2310201 2.4863774 1.8802028 4.7824856 4.5537669 1.1137897 4.2211670 2.0920185 2.6767305 4.2453639 2.2027859 2.8314052 3.1712859 6.3971048 3.1727173 2.6956215 3.0451849 4.2597883 2.9130269 4.2676136 4.4842254 2.9010341 4.0901345 3.2658999 4.3221766 4.3732612 5.7511346 4.4919434 3.5205174 7.4388532 2.8337933 2.9074193 2.7739110 8.0025120 8.9999989 4.0865576 4.0484319 3.5615902 3.1689348 2.7022483 3.8221262 5.5279686 2.7250638 2.7243501 4.0854649 3.5989468 3.9218916 3.4338050 4.2612656 2.2564700 2.1001765 2.9859990 4.9446463 3.5991824 3.5685418 3.9660632 3.7454029 1.9414879 4.3186194 4.0595324 0.9604097 2.5486653 4.1278783 3.7965715 3.6433746 5.0922096 0.3182263 5.1010510 3.8527953 5.1487675 1.9952517 4.0572348 4.2463522 3.9388028 2.1439981 4.4944346 3.7956217 4.1245134 3.7616032 4.0635203 3.6614809 0.9902318 3.6184239 2.0998778 5.1001918 4.4881134 4.0529141 3.4358612 3.5658124 3.3854620 4.7190216 3.7152283 4.6417046 4.1226747 4.4941568 4.2751017 4.1692826 3.4731675 3.5045628 3.6414924 5.6795299 4.5694728 3.3491744 4.3919391 3.9884958 2.6473827 3.0675217 3.1391360 3.7712184 2.7939967 4.0836885 4.8992230 4.2511283 2.2478248 3.9878068 4.8609534 5.1642746 4.1473598 3.4882248 3.9665868 5.1437001 3.3949502 2.6400029 3.6858607 1.3246143 5.4031030 4.0122760 4.2540586 5.1086445 4.6036147 2.4530541 5.2143538 4.8467332 1.8895730 3.0117181 2.8432597 4.4382490 4.0486799 4.2116515 1.8466888 3.9723826 4.9929652 5.5454236 5.5868621 3.5049999 2.6676994 5.0867796 3.9980146 4.1482451 3.6650905 4.0123423 4.6932341 2.7517693 4.2163505 3.9585492 5.2416062 1.9439819 3.5696405 4.0489943 3.0710103 3.9913252 4.5793837 4.5295941 4.1458971 4.2096456 3.7501215 3.9852321 3.9208724 4.9275704 3.8337876 2.8888944 0.7543150 2.9400926 2.9410959 2.0986014 7.3390553 4.5022029 2.2773118 2.7685961 4.2192298 5.1626642 6.6257726 8.9999987 4.1337133 
WP_490663219.1 0.8170396 0.0000000 3.8388744 4.4800196 3.2462187 3.0838239 3.6458724 0.2394892 3.9757429 3.5578845 3.1364750 3.6807868 5.1079936 2.7908475 4.4806593 4.9154475 0.8405228 2.3664296 4.4800196 3.7129796 1.7771987 4.0764538 4.7953195 2.0172417 2.9261116 4.1785074 3.8360247 4.1088761 2.4173814 4.1079300 3.5274550 2.2126305 3.9112792 6.2265399 4.2858027 3.3938480 4.3322865 2.1712842 4.1744013 2.0910338 3.8852252 4.3365522 4.5060677 2.3130468 2.4355939 3.8742628 1.9241249 2.1442855 3.8872960 3.6352117 1.7132854 3.7660700 2.0181353 3.5426253 3.8852252 2.5316656 3.2109672 4.4579417 3.6517798 3.2597839 2.7110694 2.9769784 3.1963720 2.0884961 4.2985310 3.7190371 2.2761949 4.6273143 4.1940272 4.0541017 3.2403882 3.7634337 3.9897604 4.5407068 4.5741888 2.8636340 2.5303981 2.8713774 4.8745454 5.1280727 3.8377726 3.8191357 3.1165555 1.9844615 3.1386795 3.3429650 5.2805445 2.6656067 2.7772339 3.7806399 4.1894923 3.0107787 3.6004834 3.2169574 1.7041299 1.7659025 2.1604826 3.6639270 3.8115062 3.1192409 3.8092261 3.1276862 2.2528610 2.9232162 3.8242602 1.3432818 3.0003870 4.4477041 3.5274550 3.7507793 4.1275466 0.7043045 4.5291107 4.1368929 5.1409555 2.1758629 4.3365274 4.3897877 3.8179557 2.1564128 4.7303143 3.8738405 4.0720151 3.6394940 4.5870271 4.0142495 0.2823492 4.2649522 1.7814616 4.1691867 4.0550773 3.7339216 4.2074203 3.0087241 3.4811606 3.5639310 3.1553902 4.6296081 2.8116087 3.9402938 3.9128955 3.1529775 3.1322147 3.5608451 4.0532823 4.0685526 4.6255808 2.3768338 3.7961930 3.5913229 2.7612800 3.2840220 3.4228375 5.7201913 2.6702540 3.7773736 3.6847720 3.2421477 2.2018307 4.4726838 3.9275563 4.1663979 4.4756021 2.7432265 3.0279408 4.1385853 3.0653025 2.7179672 3.8516040 1.8594573 4.8656045 4.1641875 3.8179557 4.4175220 4.5900801 3.3976361 4.2983838 4.2713727 1.9385429 2.6226829 2.6024082 3.8872960 2.6186632 3.5327039 2.1865993 3.6363996 4.4249658 4.1257017 4.0905845 3.0454093 3.3040534 4.2902879 4.8126166 4.4781365 4.6437989 3.8234808 3.8468577 2.0719354 3.8619366 3.3791023 4.0565699 2.1137331 2.7076374 3.7503099 2.4801255 3.4823828 4.0922252 2.8609594 3.8959002 3.8689772 4.2857106 3.9600223 3.4943727 3.9521872 3.0440988 3.5150820 0.1788072 3.0338607 2.9869746 2.0525134 5.9597636 3.9964474 2.3316926 3.2832249 4.1541285 4.1637381 4.4983853 5.2394669 3.6272115 
WP_490627060.1 4.0686907 3.8388744 0.0000000 0.3121297 0.3463681 0.4893882 0.2789548 3.5483625 0.3012467 0.2753263 2.0284258 4.6444526 2.7542197 3.3589194 0.2881585 1.1739588 3.7915409 1.9388525 0.3388014 1.9711681 2.0692864 0.2128251 0.3378656 2.2771158 1.9668330 0.3279257 1.2458905 1.6836545 1.5367571 0.9907218 0.2411305 2.0862625 0.2389051 2.9416386 0.5231019 0.4018326 2.0894051 1.5239551 0.2813480 2.0878958 0.2858400 0.2757553 0.3862009 2.4871626 4.2513720 0.2231298 1.8819958 1.9044980 0.3050361 0.2623807 2.7635544 1.3206009 1.9032167 4.1078050 0.2155450 2.1658478 4.9457401 4.7044789 2.0540657 1.6416412 1.3839888 1.4427838 0.5950757 1.4103248 1.1473560 1.3218968 3.2836496 0.3227249 5.4826970 0.4033127 0.4722985 0.3979860 0.3978520 1.2961613 1.8108949 1.4747262 1.5006452 1.7715149 2.5615278 2.7750708 0.1485407 0.1500487 1.3513852 1.6469140 2.4333976 1.4425147 3.1620280 1.5887767 1.6798710 0.1891964 6.3817014 3.7653335 0.3742641 0.4184044 1.7527743 1.6058449 3.1845833 0.2409969 1.5091492 1.2319461 0.1773424 0.4497133 1.8877199 1.5212811 0.2157606 3.8533756 3.8794386 0.3227813 0.2239592 0.2068638 0.2465412 4.0981053 0.3179589 0.2385973 0.7100032 1.6387106 0.4200518 0.3091813 0.2338321 1.5994042 0.3382321 1.0699608 0.2845715 1.0981536 0.3562146 1.1616500 4.1579721 1.3515683 1.9763937 0.2988968 0.3383934 0.2632606 0.3251915 1.8334868 0.4182713 0.2396749 2.1680478 0.3940750 2.8271073 1.3680347 0.3437774 2.0860845 1.2428696 5.0262300 4.5143608 0.2075816 1.2337112 1.5492864 0.3175683 0.4317142 3.2452727 2.7791332 4.1665610 6.3746213 1.6364139 0.1802986 0.4380117 0.2089868 1.7887396 0.2884757 0.2643052 0.2703697 2.2757800 3.4000886 3.8992060 0.4848445 5.1925812 4.4708405 1.1137386 4.1067594 1.4305254 0.2742883 0.2036470 0.2451052 1.2607688 2.6050136 0.2205498 0.3818773 1.8337135 1.5135708 1.2840638 0.2995703 1.5049879 0.4975274 1.7924060 0.1969706 0.3403176 0.2417053 0.1897072 1.9913278 2.3411410 0.4369758 1.2199383 1.2218735 1.1629019 0.1738166 1.3999551 1.6765749 0.1983962 0.2412884 0.3625204 1.7946592 1.3902505 2.2399857 1.3788572 1.6590478 1.2326888 1.3984214 0.2383926 0.2937765 0.3509745 1.2602283 0.4842691 0.4070287 3.6527215 3.9363171 3.6792724 1.8644553 1.6671296 1.6202204 1.7862635 0.3056012 1.7138417 3.2533625 0.3298256 0.8758862 2.1478423 2.0097210 0.1898565 
WP_490580416.1 4.1506011 4.4800196 0.3121297 0.0000000 0.3162212 0.7730660 0.2422843 4.1815978 0.3898017 0.5123763 1.7496024 4.7568824 2.5658430 2.7591635 0.3854713 1.1463563 4.2330153 1.7524015 0.1675707 1.6675878 1.8636668 0.3467592 0.3958127 2.0569290 1.8347839 0.4678524 1.1914554 2.0731550 1.3373103 0.9185758 0.2758326 1.8470708 0.2493757 2.9723629 0.6217595 0.6214452 2.3383290 1.5642217 0.2773000 1.8086275 0.5720488 0.4441795 0.4334555 2.4136274 3.4393126 0.4919288 1.5576651 1.5341507 0.4406775 0.4337134 2.6173671 1.2069408 1.7591772 4.0032183 0.4763200 2.0185100 3.0281043 3.6840833 2.1643810 1.3578338 1.1844438 1.2598462 0.7949620 1.2116422 1.1863528 1.6572150 2.8036131 0.4223706 4.1711267 0.6607456 0.7906494 0.6727480 0.4905187 1.2132322 1.9268449 1.2901500 1.2988681 1.4861911 2.6612491 2.4019840 0.3571988 0.5317865 1.2894093 1.4115001 1.9324587 1.2828969 2.6774881 1.1772141 1.4583952 0.4501054 3.8967095 3.7673973 0.5936230 0.6786505 1.5656450 1.4772663 2.9026043 0.3858001 1.2446123 1.0937848 0.5897902 0.7146277 1.7344852 1.2840156 0.3787882 3.9596025 3.6115413 0.2690558 0.2383664 0.3199864 0.3413490 4.5667928 0.3711738 0.2483339 1.0693711 1.5192768 0.2980234 0.3319724 0.3268767 1.6429116 0.3820449 0.9617818 0.3709772 1.0191341 0.4924412 1.2764673 4.7995676 1.3281281 1.8845804 0.2928818 0.4815151 0.5090440 0.3117710 1.6649761 0.5441401 0.4182351 1.9421121 0.4326218 2.4687551 1.2209194 0.3899129 1.9269324 1.1720364 3.3965735 4.3535242 0.4443908 1.1211281 1.2428327 0.4027703 0.4976036 3.1987660 2.3736862 2.7313732 5.1701078 1.5645721 0.4540028 0.4778232 0.4161362 1.7352538 0.3628787 0.4671577 0.4308080 1.8651153 3.2930033 3.5256010 0.4898176 3.6466329 3.7605363 1.0568855 3.3245937 1.3554668 0.4089555 0.2998315 0.2494445 1.0051054 2.2250416 0.5611718 0.4441332 1.6966428 1.3024207 1.2228107 0.4326091 1.3316694 0.5213873 1.6601812 0.5194032 0.5181997 0.5059152 0.5733491 1.7372169 2.0094666 0.5387437 1.0599188 1.2819348 1.0535735 0.4144562 1.2491844 1.4335487 0.5107764 0.5894214 0.4618586 1.6580198 1.2276141 1.9882362 1.3206399 1.4977647 1.0343982 1.2541640 0.3662259 0.5229757 0.4168015 1.2036138 0.5403865 0.5145177 2.5495493 4.0993829 4.3466202 1.4723252 1.6039840 1.4852791 2.1188826 0.3531258 1.5356931 3.0452770 0.5070303 1.2005753 1.9365069 2.6759826 0.4088581 
WP_490504945.1 3.5620322 3.2462187 0.3463681 0.3162212 0.0000000 0.4210826 0.2853963 3.4561015 0.3512504 0.5087765 2.4123501 4.1826481 2.4253283 3.3747578 0.5447330 1.3794584 3.7077776 1.9408923 0.3162212 3.2218532 2.2561497 0.4936862 0.5233157 2.4181513 2.0787124 0.4104562 1.7201281 1.8800306 2.5345036 0.9437284 0.3622731 2.2243307 0.4638585 3.3863931 0.4049926 0.8274747 2.4956206 1.7619038 0.2852907 2.3845801 0.3339598 0.5222997 0.4314870 2.5906556 3.3380294 0.3315946 1.7313821 1.6824355 0.4611207 0.4624996 2.3949861 1.7530422 1.9336072 3.5760184 0.3339598 2.5574159 3.0061721 3.8037456 3.0642165 1.6896663 1.7673953 1.6266742 0.4257705 2.2945821 1.3596942 2.1981734 2.6268275 0.4227649 4.3625323 0.3481329 0.5666015 0.7088906 0.3993333 1.4384732 2.4438288 1.6238862 2.0155187 1.9040695 4.6616476 3.9728902 0.3540312 0.3544716 2.1040674 2.2166573 3.2317562 2.0831779 2.7197669 1.8207362 1.8632086 0.3442223 4.4439766 3.1039590 0.4913886 0.4448242 1.8951941 1.7026345 2.5656480 0.4528349 2.2102760 2.0049542 0.3541253 0.4116638 1.9737805 2.6661051 0.3922186 3.3496695 3.0862068 0.3290718 0.3572114 0.3561709 0.5068082 4.8219763 0.4121113 0.3607240 0.8017265 1.6509584 0.3038855 0.3583926 0.3205858 1.7805263 0.4955841 1.1146262 0.3424429 0.9864688 0.5311041 1.7526418 5.1126091 1.4584224 2.1173583 0.5206086 0.3545836 0.3994584 0.3701992 2.3849382 0.2968690 0.3938305 1.8917345 0.4395243 3.9480406 1.6162360 0.3542646 2.2536846 1.2247359 3.3149411 4.0532345 0.6002502 1.4402328 2.6001870 0.3024137 0.5446929 2.8328473 2.3260209 3.5865384 5.4663930 2.2787814 0.3512296 0.4606922 0.3831991 1.7317934 0.3838847 0.6236006 0.6646052 2.6281759 2.9435189 2.9351530 0.4838115 3.9868482 3.3747064 1.0861475 3.3171907 1.7680076 0.3314425 0.2581234 0.5338960 1.7903167 2.4584372 0.6220670 0.4402818 2.3352307 2.2616886 2.0591327 0.4706023 2.6541926 0.7712842 1.9190757 0.3586878 0.4732038 0.6244850 0.6640637 2.4698068 2.7942349 0.4589561 1.3137218 1.3215578 1.4367794 0.3579174 1.7126906 2.2673167 0.3123393 0.3980397 0.4688244 1.8915139 1.7323699 2.5087651 1.5707308 1.9909283 1.2371567 1.9391028 0.3386549 0.6187881 0.3836891 1.6251259 0.6901968 0.4048851 2.0901242 3.0406533 3.8117155 2.0962647 2.3758088 1.8513431 1.8861122 0.3728420 1.9796786 2.4050860 0.4173938 0.9523510 3.3418563 3.5934921 0.4001545 
WP_490479944.1 3.9273788 3.0838239 0.4893882 0.7730660 0.4210826 0.0000000 0.3132991 3.6570573 0.3451216 0.3906806 2.1856103 4.4846561 2.4376236 3.3243043 0.4380859 1.2519295 3.2971499 1.9263382 0.6226216 2.1805040 2.0009061 0.3846314 0.4984803 2.4617329 2.3366884 0.5543681 1.4116929 1.9045276 1.8292520 1.1463489 0.4068759 2.5137932 0.5670329 3.5995735 0.5852239 0.5306701 2.5261467 1.8492206 0.4729459 2.2605443 0.5786000 0.4886383 0.7374354 2.5765019 3.5423991 0.5476633 2.0929564 2.1433903 0.5586104 0.2683885 2.6434988 1.5543974 1.9904246 3.8613993 0.6123638 2.3004118 3.8843956 3.8472963 2.2193641 1.7078328 1.4468562 1.3442577 0.1672293 1.8339536 1.1954348 2.1351127 2.9986761 0.4223304 4.8653833 0.5735444 0.7294637 0.8686133 0.6243922 1.2923574 2.3342218 1.5107391 1.5172984 1.6062797 3.1868017 3.0828908 0.4802322 0.4786993 1.7953908 1.6499869 2.9572382 1.6289347 2.9014591 1.7740948 1.5365118 0.4382773 4.1400171 3.6408881 0.6221056 0.1750590 1.7346172 1.7350251 2.5784544 0.2790003 1.9938670 1.5399050 0.5764830 0.1543160 1.9020203 1.5112382 0.6130327 2.9511222 3.6347919 0.6509016 0.4537818 0.4141097 0.5176074 4.2016744 0.5716263 0.4519939 0.7933098 1.7214943 0.6047175 0.4509875 0.4720550 2.2230766 0.4080532 1.1966187 0.5111511 1.0985285 0.4352104 1.3555328 3.8174930 1.3290739 2.4405152 0.7007128 0.5483153 0.5018126 0.3727630 2.3909508 0.6637580 0.2540404 2.3898828 0.5233427 2.8070264 1.4138313 0.6486351 2.3098567 1.2433723 3.5949520 4.0116784 0.5976718 1.0796309 1.6672325 0.4783823 0.6302286 3.0379513 2.6801094 3.7248702 6.0035739 1.8831885 0.4542965 0.6653479 0.4917424 1.9904895 0.4300520 0.4700844 0.4758085 2.2335716 3.1905602 3.7100376 0.7122273 4.0876112 3.8642740 1.1142123 4.0165395 1.5280795 0.3718793 0.5089483 0.6147710 1.7091021 2.8896809 0.8871047 0.6320655 2.1134102 1.5784947 1.6994787 0.5536863 1.8215927 0.6762897 2.0208347 0.5803054 0.5635496 0.5628292 0.6995038 1.9812240 2.7322227 0.6988899 1.2285032 1.2753096 1.2405902 0.5737035 1.5354680 1.8708525 0.5896353 0.5614605 0.4819719 2.0107119 1.7518031 2.5185499 1.6036196 1.9281652 1.3050556 1.8684972 0.5107416 0.4937859 0.4108451 1.3863669 0.5746992 0.5920639 2.6132879 4.0640356 3.3293940 1.8341294 2.0984707 2.0609985 2.5532334 0.3683173 2.1605068 3.1056300 0.5099708 1.3087577 2.7393144 3.3805219 0.4954888 
WP_490376079.1 3.6285620 3.6458724 0.2789548 0.2422843 0.2853963 0.3132991 0.0000000 3.5401937 0.2384597 0.2730532 1.7473070 4.4458537 2.1596652 3.5781140 0.1777237 0.9308532 3.7880147 1.8400097 0.2582100 1.8554132 1.8731952 0.1842355 0.2225160 2.1177067 1.8271487 0.2301833 1.0961548 1.7172316 1.3623773 0.8639174 0.1817138 1.8215508 0.1324861 2.6309674 0.3168442 0.5352965 1.8379801 1.5828881 0.1144948 1.8702125 0.4023481 0.1821548 0.2047898 2.6336962 3.8046705 0.4228247 1.8567074 1.7298711 0.2101658 0.2604281 2.4596570 1.0952236 1.7758486 3.8378545 0.3470151 1.9613898 3.8511405 4.2916318 1.9045422 1.4290027 1.2760349 1.3120812 0.3576728 1.2572051 0.9581694 1.3562931 3.0169382 0.2091951 4.8450948 0.3522163 0.3180534 0.5043368 0.2807755 0.9727208 1.7487314 1.3629212 1.3659177 1.5342984 2.5588521 2.2764892 0.2813057 0.4099503 1.3099016 1.4300249 2.1561750 1.2583526 2.7553210 1.3367211 1.5535529 0.2637332 4.5387900 3.6917438 0.4351359 0.2807377 1.5947622 1.5042962 2.9058876 0.2463513 1.3304849 1.2281418 0.3830659 0.2822375 1.7514607 1.2821265 0.2777452 3.9868511 3.3989232 0.3163308 0.1620119 0.1512747 0.1461101 4.1988277 0.2145119 0.1376269 0.5259317 1.5024787 0.3065528 0.1488122 0.1399833 1.6627833 0.2261042 0.8375846 0.2186238 0.8897536 0.2250836 1.1142038 4.2745700 1.0699403 1.8359346 0.1559809 0.2035436 0.2708689 0.1993021 1.7576907 0.1684984 0.2433334 2.1683533 0.3274602 2.5367982 1.1088883 0.2098366 1.8197452 1.2348121 3.9288967 4.2899320 0.3150488 0.9649447 1.2487885 0.2372596 0.3184206 3.0279201 2.5210379 3.5819696 6.1282002 1.5457230 0.2673160 0.3638252 0.2875576 1.8606696 0.1734986 0.2280013 0.3001893 1.8844848 3.3700707 3.8219979 0.2603792 4.4642415 4.2032595 0.9427826 3.5573649 1.1934951 0.2035548 0.1331218 0.1302093 1.0505136 2.0396109 0.3837351 0.2114877 1.6362488 1.3416364 1.4905565 0.2113859 1.3222078 0.5172369 1.7187849 0.3534651 0.3281207 0.3604322 0.3649411 1.8584609 1.8081626 0.2329333 0.9205824 1.0410578 0.9062122 0.3397712 1.1334494 1.4530494 0.3944592 0.4255823 0.2475027 1.8271331 1.2570746 2.1567149 1.3130802 1.5305436 0.9381140 1.3901104 0.2976255 0.2670606 0.2512825 1.0879022 0.4600245 0.2400500 2.5662074 3.6055958 3.6317443 1.5013925 1.6080496 1.4591065 1.5581317 0.2028192 1.7425356 2.8035055 0.2353029 0.6729391 1.9725947 2.1073245 0.3921875 
WP_119614606.1 0.6753793 0.2394892 3.5483625 4.1815978 3.4561015 3.6570573 3.5401937 0.0000000 4.1921370 3.4550105 2.7614772 3.4754908 4.1946189 3.0210354 4.3728635 4.5794108 0.8390084 2.1510607 4.1815978 2.8012052 1.7389092 3.8529184 4.8094749 2.0224163 3.6754491 3.9375771 3.2006453 4.6553865 1.9202513 3.9311218 4.0248055 2.2980971 3.8493452 4.1925138 4.0828465 3.8435323 3.9692026 2.0738051 4.0743099 1.8966487 3.5911879 4.2400144 4.4152812 1.7735493 2.4501906 3.5837581 1.6676798 1.7837612 4.0004827 3.5398032 1.3748920 3.5018015 1.6055096 3.3917190 3.5911879 2.2709243 2.3216834 3.6823933 4.5530661 2.1679614 2.2331996 2.6787527 3.7482773 1.8975517 4.4995405 3.4195358 2.5801692 4.2880367 3.3631867 3.7647622 3.7185374 3.1578036 3.6460102 4.6064468 4.8626155 2.3109444 2.1169667 2.2531805 5.0196635 5.7706766 3.5572531 3.5315871 2.4014098 1.9407353 2.4425676 2.5432788 4.6418609 2.2439916 2.2720565 3.5518381 3.1792992 3.2655669 3.5092755 3.5657259 1.8740495 1.6990415 2.3366771 3.4790944 3.1674675 2.7096832 3.5232849 3.5558952 2.0826658 2.3955444 3.6952230 1.2243768 2.9839382 4.1506897 4.0041223 3.6037296 4.0477113 0.6665020 4.0100513 4.1522154 4.7944908 1.7713593 4.0582098 4.5635579 3.7867400 2.0045659 4.4093585 3.6768130 4.1336711 3.5304752 4.3948508 3.2267988 0.1558973 4.1349356 1.6805154 3.4847054 3.9695763 3.5403616 4.1454094 2.8201334 3.1913788 3.0827405 3.1109836 4.1868353 2.8736474 3.4375188 3.2685415 2.8157236 2.9381213 3.3716351 4.2311801 4.0148235 4.7168377 2.0686918 3.9097816 3.7706181 2.8056975 3.1301543 2.8275548 4.5902340 2.3415327 3.5598451 3.9530179 3.3331828 2.1572333 4.1876439 4.3484381 4.0373733 4.3844529 2.9113349 3.2381120 4.1011876 2.9461068 2.8292774 4.0219804 1.6663303 4.8111195 4.3751573 3.7867400 3.7236036 3.8516394 2.5709295 4.1973686 3.8797647 2.0167014 2.1221675 2.1381482 4.0004827 2.5002232 3.4466772 1.8592246 3.2892904 4.4017616 4.0233406 4.0676147 2.4434272 2.6339543 4.2571366 4.3626064 4.0511734 4.1394624 3.5657571 3.5384374 1.9845579 3.5862859 3.1087929 4.4913216 1.8424967 2.2585006 2.9494729 2.0183967 2.6099656 3.6951742 3.6418564 3.7066584 3.2615710 4.2499888 3.5253288 4.1040067 4.5902935 3.6425339 3.7208242 0.1648542 2.5672245 2.4036161 1.8583264 5.6503630 4.1872629 2.1049905 3.1541964 3.9580413 4.2842091 5.0434079 5.7175294 3.2825912 
WP_086481701.1 4.4285525 3.9757429 0.3012467 0.3898017 0.3512504 0.3451216 0.2384597 4.1921370 0.0000000 0.3596481 1.7579352 4.3232027 2.5220549 3.3131624 0.2531484 1.2354282 4.4453129 2.0156675 0.3910991 2.7071584 2.2385502 0.3410075 0.3790282 2.3253498 2.2741126 0.4285830 1.1577767 1.8499512 2.1274864 1.0996018 0.3888234 2.1396668 0.4459822 3.9155198 0.2484379 0.5340305 2.8341599 1.9481052 0.2728780 2.1778251 0.3033759 0.4030870 0.3700357 2.7921107 3.7278000 0.3090053 1.9771385 1.9837148 0.4010788 0.3294783 2.6201892 1.4171253 1.9638241 3.6524160 0.2653084 2.3302975 3.8309455 4.4707184 2.3608788 1.8903284 1.7579338 1.5957976 0.4028890 1.8541584 1.2317923 1.8831341 3.0221035 0.3390648 4.9556581 0.2938028 0.4133221 0.5852919 0.3581464 1.3378971 2.4714859 1.8119491 1.9417278 1.6596787 3.2331203 2.9607790 0.2610144 0.3778276 1.8620194 1.9453756 3.1204131 1.8557255 2.7276970 2.2545780 2.0577844 0.2312883 4.7295409 3.6410591 0.4422556 0.2932463 1.8840283 1.9396013 2.9361365 0.3337831 2.1154877 1.7509950 0.3713530 0.3144226 1.7921907 2.2411265 0.3568653 3.4110493 3.3311885 0.3396710 0.3598914 0.3536060 0.4412203 4.7036364 0.2413694 0.3990004 0.6191629 1.6702822 0.3776451 0.2975054 0.3580213 2.2051400 0.2690350 1.0815056 0.4621001 1.1060647 0.3333682 1.2611538 4.9322838 1.4925029 2.1051613 0.4713764 0.3975138 0.3159709 0.1841872 2.7825642 0.3177738 0.3685985 2.1227136 0.4790097 3.8759514 1.1008486 0.3916596 2.0513285 1.1675975 4.1046133 4.3257365 0.5099163 1.2271157 1.9997833 0.1926820 0.4340450 2.9521255 2.5697705 3.7473204 6.3298256 1.9650866 0.2374939 0.4412526 0.2617929 1.8333856 0.1796749 0.4544390 0.3950829 2.3594954 3.4354190 3.7695261 0.4704502 4.6470095 4.1022235 1.1887867 4.6485390 1.6096226 0.1984051 0.3650699 0.4635036 1.5063974 2.9038244 0.5597180 0.4162940 2.2374422 1.8663012 1.6888921 0.3989890 2.4680528 0.6530290 1.8761441 0.3344218 0.4076182 0.5552428 0.5774047 2.1806526 2.7196246 0.4674334 1.2684933 1.2691259 1.3117525 0.3035723 1.4589418 1.9243094 0.3299409 0.3355326 0.4706287 2.0693791 1.8007461 2.4933796 1.4415465 2.4043805 1.0582845 1.9892780 0.2360484 0.5155616 0.2796258 1.3744981 0.6408114 0.3172498 2.1805709 3.4411288 4.3783137 1.8386522 2.0603684 1.8125711 1.7284913 0.1263200 2.2419641 2.5588951 0.4145211 0.8959614 2.9708189 2.4552890 0.3581732 
WP_490371214.1 5.2646423 3.5578845 0.2753263 0.5123763 0.5087765 0.3906806 0.2730532 3.4550105 0.3596481 0.0000000 2.0078288 4.0924508 3.1083853 3.2360172 0.4539730 1.5850659 4.4535314 2.4209146 0.5537988 2.5290455 2.5075694 0.4585986 0.6040155 2.8134727 2.5860958 0.6688300 1.5783455 2.6921750 2.3353308 1.5123085 0.4789622 2.6863222 0.5857537 3.8360896 0.4033143 0.6607856 3.0804777 2.0137273 0.3760665 2.3969707 0.3756880 0.5748822 0.4756949 2.1363685 3.6236366 0.3994630 2.2077762 2.2351783 0.6910986 0.5026489 2.1370012 1.8618186 2.3267728 3.6352930 0.3480572 2.7324322 3.8821939 3.7737912 2.8092958 1.9029711 1.8000804 1.6778523 0.5068444 2.2254513 1.4200506 1.5704155 2.9264118 0.5040176 4.6329219 0.3707512 0.4125476 0.6478560 0.3085679 1.7173759 3.2253436 1.6936612 1.6522528 2.0341177 3.7071153 3.3348811 0.2572014 0.3219430 2.0201436 2.1679038 3.2160295 2.1217643 3.0708612 2.2100421 2.0806418 0.2303543 4.7808697 3.5161365 0.3770464 0.3982933 2.1885059 2.1010441 2.7732049 0.3723372 2.2847210 1.7397029 0.4140681 0.4435081 2.1168119 2.1668406 0.4116456 3.3946939 3.4201832 0.5126901 0.4414388 0.4144460 0.5158749 4.6496098 0.4283085 0.4294131 0.9729031 1.9442690 0.5419847 0.4753078 0.5080865 2.2067424 0.4298146 1.5749976 0.4774896 1.6113328 0.5338810 1.6940839 4.0496299 2.0068385 2.3685866 0.6789382 0.4709914 0.3056435 0.4048103 2.5806108 0.4478303 0.4413046 2.3159777 0.4670953 3.4953288 1.6673853 0.3756797 2.1565424 1.0902315 4.1339275 4.1670179 0.4764302 1.6628046 2.2967345 0.2658176 0.8340149 2.8740456 2.6594702 3.4527898 6.4257762 2.3566966 0.2007476 0.8093044 0.2686865 2.2682113 0.3881465 0.4766009 0.5882386 2.4294164 3.2948503 3.6378147 0.7046575 4.2761749 3.9681192 1.6948923 4.1947782 2.2683027 0.3576099 0.4722220 0.5971955 1.9948107 2.6758223 0.5298775 0.5004550 2.8094884 2.1567990 2.3341679 0.6821286 2.3952171 0.7271147 2.1720365 0.3947825 0.6778134 0.5895742 0.6582129 2.2927427 2.5091526 0.6131569 1.6730154 1.6231699 1.4765367 0.3535922 1.9090177 2.2121821 0.3932204 0.3775169 0.5877261 2.3674413 2.0039759 3.0504892 1.6032478 2.3326877 1.3077505 2.1106751 0.2602176 0.3625805 0.4272589 1.7582992 0.7795771 0.4347820 2.6484018 3.4883058 3.8384731 1.9187339 2.6334544 2.0492006 2.9391231 0.3606909 2.5397611 2.8161423 0.6735853 1.2591530 3.1618589 3.3321605 0.3709291 
WP_489833465.1 3.3899620 3.1364750 2.0284258 1.7496024 2.4123501 2.1856103 1.7473070 2.7614772 1.7579352 2.0078288 0.0000000 2.8131942 2.9184975 2.4097806 1.8630972 1.8435960 3.6826568 1.0996819 1.7496024 2.5334615 0.8580313 1.8367726 2.3226314 1.0120670 2.0012159 2.4374174 1.9075716 3.9049840 0.9383019 2.0393912 2.2590243 1.6163720 2.2498276 4.4177023 2.0255337 2.5041999 3.5517269 1.0769755 1.7354344 0.8558198 2.0816010 2.2869473 1.9207033 1.5023311 1.9978046 2.0701588 0.9585545 0.8095134 2.4340098 2.0261334 1.9407763 2.1406734 0.8375876 2.4675689 2.0816010 0.8279044 3.5379547 3.3178571 4.2254370 1.8520687 1.8570639 1.8806142 2.0558665 1.0149508 2.1572523 4.4900164 2.8085387 2.1079763 3.4646428 1.9844567 2.2446045 2.2973373 1.9556640 1.9195105 4.3899174 1.8277504 1.5630665 2.0816610 5.2291226 4.2916190 2.0744986 2.1216988 1.1539662 1.1187670 2.1417839 1.4481756 3.1422355 1.6412620 1.8605498 2.0325700 3.5090153 2.2446407 2.3598138 2.0900126 0.9335555 0.9829583 2.2751550 1.8362250 1.3143762 1.2725623 2.1166183 2.1163641 0.8069891 1.7281308 2.0454899 2.5964973 2.5604387 1.5572966 2.2147789 2.0062694 2.5271206 3.9111711 1.9331538 1.8810005 2.5030029 0.6997777 1.6590237 1.8216330 1.8695023 1.2931478 2.1430287 2.0385243 2.1342143 1.9955953 2.0764269 2.0719703 3.2184890 2.0245872 0.8690076 2.0977417 2.0497759 2.0633825 2.0370584 1.2232053 2.8630399 1.6739940 1.7312170 2.1654297 1.6658433 2.1360536 2.0586557 5.3529506 2.8970007 3.1608536 3.5208276 2.4543647 2.3584969 1.4145537 1.6936847 2.3458542 2.2802200 3.8559600 2.5277524 4.0738173 1.5891223 1.9583076 2.3328819 1.8032187 1.4193158 1.9765130 2.5537661 2.1108565 1.7364905 3.6864717 2.1580833 2.2089129 3.7864350 3.2153359 2.0025714 2.5797851 2.6488165 1.8468095 1.9449102 2.2541832 2.4204512 1.8415354 2.4051821 2.1454937 0.9660901 0.9709174 1.5886141 2.4503345 1.6277333 2.4686977 0.8433621 1.9980912 2.2319555 2.3482914 2.3777776 1.9006240 1.7553990 2.5748162 2.1977918 2.1943220 2.0318562 2.1242266 2.0970291 1.1047910 2.0750083 1.9250720 2.3598071 0.8884944 1.4475770 1.4995584 1.2541611 1.5122660 1.7501393 2.2794334 2.0692184 2.0398091 2.0846562 1.7681228 2.4332029 1.9843327 3.3321673 2.5467462 3.1656951 1.6849068 1.6278909 0.8338405 3.4864113 1.7771101 0.9790457 2.1045210 2.4504113 2.7096773 6.6456183 5.7950705 2.0281769 
WP_489794761.1 3.3723939 3.6807868 4.6444526 4.7568824 4.1826481 4.4846561 4.4458537 3.4754908 4.3232027 4.0924508 2.8131942 0.0000000 3.5327946 2.4349914 4.4110183 3.7333422 3.0674591 3.2970473 4.7568824 3.6134872 2.7271842 4.1276632 4.7482495 2.5871946 3.9101835 4.4160018 3.5114678 4.8244703 3.0822294 3.2366043 4.8202903 2.8140278 4.4185932 3.7519641 4.6491976 4.5712306 3.6318346 3.5413429 4.6280742 2.5976397 5.1329971 4.4160018 4.5279739 5.6839130 0.2843141 5.1329971 3.1250771 2.6363644 4.4160018 4.4544771 2.8772651 3.2450673 3.0426924 0.2418412 5.1329971 2.5559626 5.8179145 3.1393644 6.7608694 3.8432350 3.5581225 3.5221049 4.7150158 2.8112009 3.5960223 5.6079531 1.3568836 4.5251903 3.8789361 5.0402522 4.3867799 5.0463382 4.9578138 3.6647162 6.4275758 3.3860530 3.2934893 3.8444244 8.9999989 8.9999984 5.2702482 4.5868345 2.5329851 2.9339559 3.3739585 2.7214231 5.4608868 3.0988162 3.5055498 5.0828543 4.2855052 1.0568620 4.2568849 4.4846561 2.7620229 2.7950550 1.6504789 4.7362039 2.8392818 2.8285256 4.5734813 4.4846561 2.7052240 3.2235447 4.7817632 2.7452189 0.1712165 4.7600812 4.8202903 4.8202903 4.8202903 3.5483728 4.5213598 4.6280742 3.8777185 2.6144918 4.6275938 4.7286406 4.4594334 3.2248473 4.7482495 3.2072978 4.4911653 2.9622945 4.5445006 3.6221725 4.1277025 3.5843369 2.7336289 4.4185932 4.6390240 4.8051236 4.3062413 3.1742506 3.5061677 4.6767504 3.0782126 4.0942115 2.7205579 3.4622796 4.1457433 7.1437776 5.8849700 4.5394273 1.8542045 4.8918455 3.6070261 3.1450257 3.8060999 5.8249115 0.1323813 1.3860226 3.5841850 4.1759903 3.6816685 4.7783513 5.8249115 4.7616840 3.6849290 4.4605948 5.0146992 4.0998874 4.4463501 2.0302352 0.9447205 4.8958242 4.7825343 0.3441378 3.0923031 2.9403396 4.0003977 4.2660183 4.4594334 4.8224695 2.8811026 3.1860507 4.8406359 4.5279739 3.7834054 2.8250596 3.2990477 4.4160018 2.9694840 4.7306388 2.7094941 4.5734813 4.2009382 4.8406359 4.8586402 2.8696837 3.0170624 4.7720639 3.4323235 3.5575631 3.6957851 4.6290902 3.3152864 2.3202921 4.7921405 4.0494735 4.4160018 3.0263049 3.1651597 3.9906652 4.0834327 3.2837916 3.4865625 3.9720670 5.1329971 4.1080759 4.4009185 3.1827407 4.3738313 4.4934721 7.3168706 1.1656395 3.7250652 4.4114038 3.8980776 2.4734593 5.6262480 4.3784191 2.9989967 1.0374677 4.4160018 6.0463040 6.1318861 6.0716988 4.5372758 
WP_489609707.1 5.3146149 5.1079936 2.7542197 2.5658430 2.4253283 2.4376236 2.1596652 4.1946189 2.5220549 3.1083853 2.9184975 3.5327946 0.0000000 4.1206524 2.6128070 2.4971604 4.6089826 2.5116943 2.8026386 4.3114496 2.3396940 2.1732635 3.2689051 2.4890146 3.7198225 3.0847895 1.9156247 3.5940238 3.2542780 2.1706651 2.7126104 3.8295238 3.2334302 3.8511304 2.7326477 3.0330427 3.7474494 2.4000148 2.3665893 2.6461786 3.1163612 3.6134479 3.2256692 3.3058252 3.0006163 2.9564504 2.9917444 2.2124186 3.0274429 2.8555006 3.8244072 2.1757239 2.3598964 2.7043220 2.7220923 2.5513818 7.4007007 4.7282199 4.9006450 2.5820782 2.8443816 2.7881015 2.5682332 2.8833152 2.1552729 4.8812073 2.9311464 3.2177019 3.9188020 2.6916601 3.0148247 2.8614829 2.4723217 2.7314776 3.3001004 2.8773802 2.8303439 3.1228432 7.2771347 7.5647529 2.6323363 2.8281903 2.5639019 2.7229860 4.2763891 2.7076686 4.3418675 3.5535597 2.8772314 2.4894755 5.2788629 3.3144960 3.0688989 2.1739400 2.6247830 2.7227774 2.6656896 2.6690030 2.9973194 2.8933117 2.6939328 2.1776851 2.3805197 3.1427420 2.6934419 4.7532333 2.9915344 2.7503357 2.6930735 2.5703992 3.0890761 4.6205992 3.0809850 2.5636614 3.0987109 2.1437390 2.5352439 2.6831459 3.0432210 2.3806652 2.7971035 2.1908966 2.6708619 2.1380096 3.0563450 2.0253489 5.0623381 2.2410671 2.5676187 2.7758347 2.6698171 2.7415488 2.9135496 3.1189397 2.0415083 2.4324264 1.9221933 2.7729823 3.2659598 1.9908869 2.6358457 4.7687864 3.1056749 4.5604622 3.0325475 2.9480429 2.3614075 3.1383371 2.4709051 3.2545113 3.0540895 3.5464927 4.6218883 4.4847568 2.7342847 2.5169331 3.2891812 2.5660647 2.5759990 2.6258287 2.9484931 2.9503085 3.8325541 3.2035326 3.6124641 3.3203652 5.1605553 2.6609214 2.0795551 5.2249205 3.0000555 2.5304064 3.1109970 3.3383286 2.8686725 4.0242392 2.9906947 3.2112410 2.8495019 2.9386483 2.6100050 3.4594945 3.0991179 5.1828297 2.2145151 2.4026377 3.2218075 3.1910794 2.8564412 3.6014722 3.8764159 3.7670837 2.2736023 2.7775482 2.4872555 3.6754098 2.1129919 2.7403289 2.7832870 3.0443897 2.5601608 2.2716470 2.4681899 2.8501084 2.6533356 2.9455308 1.9819132 3.5246095 2.7289084 2.5809049 2.8338984 2.3022840 3.5345960 2.8481575 4.1316299 2.5626024 4.5606260 2.6500461 2.9658379 2.3772191 3.8856198 2.4738678 2.5498686 2.6567663 3.4107624 3.9293350 4.9151790 4.1878029 2.4809415 
WP_438616890.1 2.9984206 2.7908475 3.3589194 2.7591635 3.3747578 3.3243043 3.5781140 3.0210354 3.3131624 3.2360172 2.4097806 2.4349914 4.1206524 0.0000000 3.3369906 3.4863330 2.8620405 1.8933455 2.7591635 2.7838417 2.0713989 3.0592517 3.5580231 2.3546559 3.4776335 3.2236586 3.0532377 3.6528082 2.6494408 3.0477819 3.2437374 2.4026499 3.4017546 3.5468284 3.4536879 3.1620518 2.5349109 2.2395281 3.3501773 2.0543060 3.8666873 3.2236586 3.2388197 3.4085886 1.8811824 3.8666873 2.2218686 2.1005916 3.2236586 3.2659021 1.9713425 2.8267747 1.8028542 2.1491658 3.8666873 1.9542676 3.6013533 2.8488442 5.1298118 3.0338994 2.9602478 3.1752025 3.1783999 2.2982312 3.1119070 3.8853402 3.4126462 3.2958703 3.8738407 3.5106046 3.6402338 3.4174317 3.7407369 2.7888543 5.9499151 3.1582299 2.6313637 3.2142193 5.7754203 7.8415704 3.6556802 3.2760251 2.0870122 2.1521683 2.4419303 2.2140942 4.1311073 2.6371936 3.1877433 3.7108579 2.8228550 1.8472025 3.2218204 3.3243043 2.0912431 1.8457030 3.4455171 3.5030737 2.1475121 2.5574147 3.3090958 3.3243043 2.3762819 2.7010840 3.3065870 3.3755258 2.1661650 2.5051917 3.2437374 3.2437374 3.2437374 3.2123886 3.4028683 3.3501773 3.5826094 2.0130971 2.7194277 3.4493687 3.3414048 2.0369898 3.5580231 3.0397785 3.0806007 2.7321349 3.3411636 2.7687436 3.9140335 2.9774015 2.6237896 3.4017546 3.0810648 3.4114822 3.2202550 2.6891136 2.9612840 3.4163118 2.9683766 3.7371425 2.4923274 2.9136741 3.4579202 4.5603988 3.1797329 3.1136725 3.3570324 3.1943727 3.2829004 2.6207279 3.1386100 3.7987827 1.8961445 2.7665681 2.1712025 4.2202766 2.8837288 3.6923807 3.7987827 3.3134745 2.6481443 3.3727889 4.0930780 3.5528661 2.7145709 4.3851608 1.8381897 3.3010399 2.9652749 2.2274451 2.9926449 2.4818851 2.3446687 3.2034446 3.3414048 3.6115652 2.6411620 2.2496569 3.3916582 3.2388197 2.4317891 2.5023787 2.3706326 3.2236586 2.9293395 2.6812332 1.8760245 3.3090958 3.0160663 3.3916582 3.4480565 3.3096435 2.2525393 3.4627322 2.9008645 3.1061839 2.6178745 3.2854364 2.7951745 2.0721958 3.7808824 3.1526912 3.2236586 2.1344386 3.0111857 2.5615813 2.9526726 3.1209791 2.9302846 3.5265661 3.8666873 3.2783236 3.2874323 2.4640042 2.9406225 3.5211930 2.6118344 2.3335709 3.1887424 2.2826362 3.1973602 2.1038903 5.0413126 3.3960590 2.2580138 2.1778066 3.2236586 4.1825263 5.4954501 5.5541279 3.2425026 
WP_061237443.1 5.2819648 4.4806593 0.2881585 0.3854713 0.5447330 0.4380859 0.1777237 4.3728635 0.2531484 0.4539730 1.8630972 4.4110183 2.6128070 3.3369906 0.0000000 1.3412861 4.5675770 2.0700047 0.3950131 2.4107237 2.2438541 0.3680121 0.2591878 2.3546880 2.3119012 0.4777255 1.4153551 1.8688500 1.8410147 0.9810887 0.3911549 2.1746417 0.4935402 3.8525390 0.1279334 0.6548893 3.0171698 1.9442064 0.2542056 2.3139504 0.2994199 0.4986445 0.5309215 2.8438018 3.7987367 0.3721755 1.8408575 2.0574528 0.4220873 0.4369055 2.3539459 1.3300204 1.8373395 3.7197433 0.2621532 2.5082424 3.7584213 4.4276700 1.7581953 1.4826386 1.5112769 1.4892966 0.4862750 1.7252542 1.2603231 1.5930869 3.0762466 0.3562838 4.8836231 0.2813637 0.4645921 0.6772455 0.3271497 1.3257471 2.5734842 1.6698843 1.5648651 1.5311381 2.5648476 2.7327754 0.2559614 0.3535063 1.6243190 1.8902198 2.8459142 1.7312418 2.4814074 1.9967760 1.7363874 0.2273992 4.6649207 3.7401528 0.4307010 0.3468172 1.6154273 1.7283302 2.9653714 0.3272888 1.8800416 1.5686197 0.3626503 0.3474890 1.9047070 1.8303592 0.3559359 4.0420711 3.3908656 0.4239841 0.4207379 0.3879204 0.4488965 5.0939096 0.2313488 0.4232175 0.7881756 1.7290748 0.4101455 0.2802656 0.3635893 2.0931220 0.1782815 1.0278757 0.4454500 1.0113613 0.3248049 1.2689514 5.1318939 1.2628930 2.2272463 0.5605188 0.4399958 0.2196934 0.2373646 2.8540025 0.2969697 0.4316107 2.4314428 0.4187159 3.9233610 1.3301130 0.3540224 2.0419699 1.1824877 4.0348909 4.3050233 0.5195890 1.2803203 1.8591504 0.2772100 0.5533472 2.9984942 2.5816811 3.7054010 6.2395497 1.6785035 0.2117696 0.6552770 0.2352046 1.8922614 0.1148217 0.4372877 0.4261810 2.2085732 3.3885048 3.8734673 0.5738499 4.5840170 4.1852455 1.0483374 4.8094777 1.6832797 0.2746484 0.4191139 0.5317702 1.2796459 2.5893221 0.6982036 0.4275701 1.6899198 1.8160106 1.7844377 0.3980294 2.0173327 0.6853242 1.9418131 0.3499179 0.5928782 0.6428786 0.6440131 2.0348737 2.4144047 0.5336286 1.2604232 1.2032519 1.2687808 0.2976090 1.6266528 2.1537770 0.3398704 0.3144013 0.4486345 2.0398813 1.7952711 2.0824496 1.3861766 2.4590915 1.1229449 1.9813263 0.2334090 0.5462176 0.2542206 1.2958062 0.7178110 0.3937418 2.0744233 3.5090892 4.5682253 1.9320848 1.9612939 1.9092680 1.8253989 0.3348501 2.2020963 2.6767075 0.4391026 1.0757756 2.9071597 2.8666566 0.3174314 
WP_054141683.1 4.4936250 4.9154475 1.1739588 1.1463563 1.3794584 1.2519295 0.9308532 4.5794108 1.2354282 1.5850659 1.8435960 3.7333422 2.4971604 3.4863330 1.3412861 0.0000000 4.0123017 1.6362098 1.1463563 2.3891859 2.0238394 1.3162678 1.3812815 1.9643734 1.8123618 1.3756109 0.4520309 2.6527806 1.9991200 0.2887880 1.1418153 1.9894662 1.2098205 1.9859863 1.0878092 1.4862385 1.1994851 1.7819115 0.9459318 2.0367753 1.0871086 1.3477846 1.4553452 1.9876316 3.2522983 1.1436958 1.8888603 1.4382016 1.3021605 1.4089334 2.4215920 0.4244814 1.3765903 3.0069448 1.0871086 2.0396710 3.5909039 3.4366032 3.8256170 1.7623114 1.4014640 1.4047049 1.1697070 1.9614442 0.2295893 3.5840428 2.9204032 1.0884068 3.3548282 1.1280740 1.5568081 1.5332087 1.2074589 0.2434732 3.5712357 1.5396159 1.7334417 1.7182288 4.3589173 4.1674670 1.2242485 1.1598093 1.5227144 2.2317959 3.0876794 1.6539168 2.3033310 1.8858787 1.6665512 1.1675601 4.6654900 2.3155436 1.3142679 1.2598164 1.4775419 1.6302952 2.7108086 1.1029193 1.8085454 1.4855381 1.1548468 1.2719119 1.4603231 1.8028326 1.0793057 3.3391941 3.0848010 1.0282544 1.0779462 0.9449258 1.4160754 5.3929085 1.1974426 1.0077399 1.3382370 1.5812242 1.0645712 1.0198794 1.0596031 1.8094965 1.1918527 0.3980929 0.9148765 0.3375426 1.1314773 0.4788622 4.7904291 0.3077627 1.8756764 1.3262092 1.2371160 1.2390798 1.1988036 1.9191335 1.0219025 1.1931633 1.3107234 1.1055894 3.0629764 0.3926946 1.0612202 3.7159883 2.3775914 4.0248002 3.5471533 1.5629684 0.1620893 1.8199039 1.1609249 1.2287509 3.0205548 3.1991572 3.8250900 4.0509334 1.4665272 1.0470310 1.1796331 1.0797763 1.5436404 1.0042280 1.2405405 1.6699783 1.7854931 3.6488585 2.6352133 1.4959852 4.6380688 3.1927174 0.3042079 3.8524284 0.7418813 1.1821482 1.1846227 1.5070677 1.5393860 2.5417414 1.4782965 1.4859403 1.6062215 1.9483683 1.4784497 1.3259973 1.6273873 1.7519654 1.3848254 1.1704371 1.2684886 1.5094128 1.4211094 1.8677799 2.7051443 1.4504399 0.3380035 0.2908551 0.3511729 1.1905338 0.4115589 2.0239033 1.1320556 1.0591754 1.6238226 1.6533814 1.3339155 1.8855564 1.5951687 1.4645378 0.4413866 1.4580533 1.0687457 1.3069645 1.1944320 0.3214458 1.6001919 1.2070559 2.2810601 3.3620670 5.0077446 1.8918363 1.4027209 1.8604913 2.8453256 1.1079674 1.6376950 2.8486340 1.4106438 1.9760947 4.5168087 4.5615786 1.2017488 
WP_011275895.1 0.1808412 0.8405228 3.7915409 4.2330153 3.7077776 3.2971499 3.7880147 0.8390084 4.4453129 4.4535314 3.6826568 3.0674591 4.6089826 2.8620405 4.5675770 4.0123017 0.0000000 2.3143970 4.2330153 3.0492559 1.8911544 4.6465454 4.6742893 1.9616102 4.9435419 4.8445829 4.2351361 2.9624844 3.1998629 3.1447685 4.2509030 3.3110628 4.7058207 7.3537491 3.5384232 3.3773523 4.7981613 2.2968362 4.0901024 2.1681399 3.9924102 4.9334656 5.0243003 2.4863413 2.1877599 3.9619905 2.3722613 1.8831718 4.5497692 3.6790498 1.0792354 4.5397722 1.9211444 2.6607696 3.9924102 2.0698552 3.1438865 3.1466000 5.9327041 3.0029769 2.5399770 2.7260370 3.9103300 3.0895246 4.1380579 4.1969429 2.8712837 3.3863373 3.3530002 3.8560047 4.0051124 4.6381876 3.9977099 3.3663743 7.0468811 2.5713594 2.5306659 2.6732575 6.5102344 8.1736487 3.8246288 3.7722422 3.5012049 3.1267810 2.8146434 3.3537197 4.9435974 2.7593839 2.4767990 3.7373725 3.5451757 3.8850732 2.9524973 3.7222919 2.1385768 1.9625348 2.9561174 4.6297486 3.3520517 3.4040845 3.6912283 3.4788924 1.9718595 4.1186239 3.7266546 0.9738168 2.4460560 4.2096622 3.6648681 3.7050332 4.4273496 0.2570450 4.4860544 4.0805441 4.7901260 2.0603126 4.1345873 4.2634370 3.9740487 2.0225666 4.3454832 3.4573776 4.2828656 3.3894174 3.3791668 3.5223979 1.0923356 3.7580203 2.0990920 5.0499132 4.4348215 3.5961873 3.9707102 3.3742854 3.1810865 4.1520319 3.7876360 4.3806084 4.0113148 4.0569588 4.0716281 4.4411079 3.6916206 3.7789452 3.0830711 4.5994479 4.3845411 3.5405455 3.9974524 3.9010384 2.4179942 3.3410063 3.4021306 4.0691347 2.3498995 3.7529676 4.7339446 3.9106721 2.5181006 3.5465779 4.0892640 4.7283026 4.9002664 3.4489997 3.9302208 5.5812627 3.6538738 2.5717984 3.5219761 1.3855677 4.6834811 4.0188450 4.3701363 5.1205351 4.3867624 2.5512947 4.8111344 5.2219057 1.7290435 3.2051998 2.9716200 4.5416314 4.3121353 3.5451854 1.7795290 3.7587777 4.5874412 4.8467551 4.9768119 3.3359300 2.6214252 5.2938386 3.4613432 3.9661122 3.5487634 3.7354656 4.1829846 3.0279335 3.9490297 3.7001607 5.1400385 1.9696967 2.8111330 3.8896879 2.8696427 3.8356197 4.4440164 4.7768230 3.8955658 4.2752277 4.0081187 3.7736404 3.6437023 4.7059614 4.0908734 3.0884529 0.9172150 3.4133542 2.5493005 2.0229062 6.1977555 4.1730608 2.1568113 3.2189902 3.9797442 4.7220529 5.7149238 7.5377273 3.8518277 
