225
AAL63028.1             0.0000000 1.6162648 3.9510849 2.7814017 8.2195954 8.2195954 8.2195954 8.0401596 8.2195954 8.2195954 8.1897157 8.9575957 8.1897157 8.1201783 8.0140474 8.3195461 8.2676354 8.0870205 8.0870205 7.8063951 8.5920761 8.6436027 8.3396373 8.4051985 8.9999984 8.9999981 8.9999989 8.9999981 8.9999986 8.9767414 8.5333955 8.8835168 8.8076748 8.5685541 8.1379313 8.0712673 7.9717676 8.1935707 7.9873398 8.0133047 7.4787593 8.0932509 7.1756844 7.1756844 7.2998959 7.4262270 7.4881537 8.4957884 8.9657142 8.9477857 8.9013403 8.7495849 8.9999989 8.9999989 8.7227871 8.9999989 8.7373469 8.7373469 8.8748530 8.7795936 8.9999989 8.9999987 8.9999982 8.9999984 8.8473220 7.6667100 8.3833891 8.3833891 8.4921902 8.0857348 8.7566793 8.5391785 8.4837236 8.0419526 7.7401445 8.5534133 8.6359395 8.5534133 8.5534133 8.0591567 8.9710062 8.8808940 8.9999983 8.9999990 8.9999983 8.9082007 8.5601824 6.9437625 7.4684641 6.0308974 8.6777341 7.5083173 7.5361459 8.9999984 6.5571182 5.1186203 6.0001126 6.4229947 4.7984425 6.2859613 6.6496810 5.4360280 6.8180567 4.8645297 4.7033642 6.7594044 6.5922965 6.6892554 6.7674271 6.7984452 6.1463647 5.0835880 7.2167840 6.4091650 5.1009326 5.8662313 4.9579934 5.1810629 5.2135318 4.6428964 5.1126471 5.4759855 5.7127956 5.7306713 5.4785790 5.6200226 6.5721917 5.1564651 5.3559397 5.9189144 6.0558552 5.2043810 6.3449820 7.1292140 5.5680310 5.0090038 3.8483072 3.9632205 6.4874036 6.0285752 6.7566885 7.3721237 6.3911370 6.1439411 6.7974946 7.0942573 6.8688150 8.9999988 8.2939460 5.6049239 5.8112287 8.8505084 7.8485025 5.0189716 5.3862797 8.6914447 8.9999981 8.9999987 8.9999982 8.9999987 8.9999983 8.9999980 8.9999984 8.7534079 8.3404248 8.9999983 7.9734379 7.5618951 7.5123591 7.3160671 7.1210818 7.9100285 6.0867080 5.8356657 6.3776732 7.4741819 7.1305615 6.7332186 5.7864728 5.4705877 5.6440780 7.4873305 7.1999161 6.8615581 5.9076616 8.9999989 8.9999987 8.9999983 8.9999982 8.9999983 8.9999984 8.9999989 8.9999988 8.9999984 6.9451963 8.9999984 8.9999980 8.9999982 8.9999984 8.9999985 6.5559355 5.7882706 5.6843712 7.6205111 6.3190796 6.1996997 6.9791930 5.0494469 6.3358761 7.9786916 7.5897683 8.7117202 7.8783952 8.9999983 8.9999988 7.8158822 8.9999988 6.6361914 8.9999985 6.3217380 5.3606293 8.1602788 6.0257736 8.9999988 2.5558335 
sp|O26745.1|RUXX_METTH 1.6162648 0.0000000 4.2978057 2.4983626 7.7143283 7.7143283 7.7143283 7.7143283 7.7143283 7.7143283 7.8952029 8.3373272 7.8952029 7.7940612 7.5671364 7.8434316 7.7591799 7.7591799 7.7591799 7.5173393 8.4236492 8.4375348 8.9999990 8.9999990 8.9728310 8.1022756 8.1925769 8.2412250 8.3215693 8.9418329 8.0473294 8.0150872 7.9481302 8.6147951 7.8434316 7.6611582 7.6113446 7.9077864 7.7082948 7.7359788 7.9211396 7.8559180 7.7822364 7.7822364 7.9209028 8.0506440 8.9999990 7.2247763 7.5856643 7.5902155 7.6396182 7.5116524 7.8371246 7.8371246 7.1800134 7.8196278 7.0889026 7.0889026 7.4132085 7.1647648 7.8371246 7.8371246 7.7855257 7.8324695 7.2060580 7.1633819 7.1789563 7.1789563 7.2778707 8.1251758 7.7237300 7.6748431 7.2938707 7.9651163 7.7501122 7.4738375 7.5441736 7.4738375 7.4738375 7.2036611 8.1175251 7.7618121 8.9999983 7.2049741 7.2049741 7.9596679 8.8239047 7.3687196 7.7557872 5.8438808 8.9999988 8.9999990 8.9999982 6.4446558 7.2495735 7.6254539 8.0094737 6.2164956 7.3497678 7.9261298 7.4413681 7.1758232 7.3014134 5.7810831 4.9353191 5.9461892 7.5860198 6.7500989 6.9383474 7.1970342 6.5241356 6.7949153 6.7504047 5.8088422 5.7276407 6.2298105 5.7032831 5.7111208 8.3844788 5.6059935 6.3402331 6.7809026 7.3589701 6.3879996 6.2590200 7.2798847 5.9676774 5.9836837 5.8944333 6.4561190 7.0178212 5.9933576 4.8890766 5.4208787 4.9527311 4.5278197 4.0700698 4.9207895 6.2723332 6.2081382 6.2853184 6.4077605 5.5123484 5.5999122 6.1718855 5.1120541 5.5615937 7.4962786 8.6067899 7.0480821 6.4327560 7.4077490 6.8662747 7.1836010 5.6533197 8.3093550 7.2993486 6.7266748 6.3696330 7.8487900 8.9088773 8.9999985 8.8922131 8.9999989 8.9999982 8.9999985 6.5346041 5.9145870 6.0051229 6.4587515 5.9120303 6.0047166 5.3978503 5.8637367 5.7329349 6.3313561 6.4533218 5.5808064 5.7977084 5.7428612 6.0815753 7.2711592 6.7142617 6.8719317 5.4007119 8.9999988 8.9999980 8.9999987 8.9999988 8.8767598 8.0233872 8.9999990 8.9999981 8.9999981 8.9999984 8.9999984 8.9999984 8.9999987 8.9999989 8.9999981 8.9999983 8.9999989 8.9999985 8.9999989 8.9999983 8.9999983 8.9999984 7.7419835 8.9999989 7.9663119 7.1804333 8.3661672 6.8533521 7.7522653 8.9433101 8.9999981 8.0853016 7.2142081 8.9999988 7.1571770 6.0662948 6.4286459 6.8577474 8.9999981 3.2019092 
NP_069198.1            3.9510849 4.2978057 0.0000000 2.9104632 8.9999981 8.9999981 8.9999981 8.9999982 8.9999981 8.9999990 8.9999988 8.9999985 8.9999987 8.9999987 8.9999984 8.9999985 8.9999988 8.9999989 8.9999989 8.9999983 8.9999990 8.9999983 8.9999985 8.9999985 8.9999987 8.9999987 8.9999987 8.9999987 8.9999987 8.9999987 8.9999987 8.9999988 8.9999985 8.9999983 8.9999986 8.9999980 8.9999983 8.9999983 8.9999984 8.9999989 8.9999981 8.9999987 8.9999981 8.9999981 8.9999987 8.9999987 8.9999987 8.9999982 8.9999989 8.9999981 8.9999987 8.9999984 8.9999987 8.9999987 8.9999982 8.9999987 8.9999982 8.9999982 8.9999981 8.9999982 8.9999987 8.9999987 8.9999987 8.9999982 8.9999984 8.9999985 8.9999985 8.9999985 8.9999985 8.9999983 8.9999987 8.9999988 8.9999981 8.9999988 8.9999985 8.9999981 8.9999985 8.9999981 8.9999981 8.9999990 8.9999985 8.9999987 8.9999984 8.9999987 8.9999988 8.9999982 8.9999982 8.9999988 8.9999983 8.9999983 8.9999984 8.9999988 8.9999990 8.9999988 8.9999984 8.9999984 8.2850508 8.9999990 8.9999988 8.9999984 8.9999986 8.9999981 8.9999980 8.9999980 8.9999983 8.9999985 8.9999988 8.9999983 8.9999981 8.9999990 8.9999982 8.9999982 8.9999984 8.9999984 8.9999981 8.9999981 8.9999981 8.9999989 8.9999984 8.9999986 8.9999980 8.9999988 8.9999987 8.9999988 8.9999988 8.9999985 8.9999982 8.9999989 8.9999989 8.9999990 8.9999983 8.9999983 8.9999984 8.9999990 8.9999989 8.9999989 8.9999988 8.9999982 8.9999980 8.9999989 8.9999987 8.9999983 8.9999984 8.9999985 8.9999980 8.9999981 8.9999989 8.9999988 8.9999985 8.9999986 8.9999982 8.9999988 8.9999986 8.2175851 8.9999982 8.4855806 8.9999988 8.9999986 8.9999985 8.9999984 8.9999984 8.9999988 8.9999988 8.9999982 8.9999990 8.9999985 8.9999988 8.9999988 8.9999985 8.9999988 8.9999990 8.9999988 8.9999988 8.9999987 8.9999988 8.9999984 8.9999987 8.9999981 8.9999983 8.9999988 8.9999984 8.9999983 8.9999986 8.9999985 8.9999987 8.9999982 8.9999980 8.9999981 8.9999985 8.9999981 8.9999988 8.9999986 8.9999980 8.9999988 8.9999980 8.9999982 8.9999981 8.9999982 8.9999986 8.9999989 8.9999988 8.9999982 8.9999983 8.9999984 8.9999986 8.9999986 8.9999986 8.9999989 8.9999988 8.9999985 8.9999985 8.9999984 8.9999989 8.9999984 8.9999989 8.9999984 8.9999983 8.9999990 8.9999987 8.9999987 8.9999983 8.9999985 8.9999987 9.0000000 3.2899639 
NP_341755.1            2.7814017 2.4983626 2.9104632 0.0000000 8.9999981 8.9999988 8.9999990 8.9999981 8.9999982 8.9999990 8.9999981 8.9999987 8.9999989 8.9999981 8.9999984 8.9999990 8.9999982 8.9999981 8.9999989 8.9999982 8.9999982 8.9999986 8.9999981 8.9999989 8.9999985 8.9999987 8.9999983 8.9999990 8.9999982 8.9999981 8.9999981 8.9999981 8.9999985 8.9999983 8.9999986 8.9999982 8.9999981 8.9999981 8.9999983 8.9999987 8.3903244 8.9999987 8.9999982 8.9999982 8.9999984 8.9999982 8.9999987 8.9999986 8.9999986 8.9999980 8.9999989 8.9999990 8.9999983 8.9999988 8.9999981 8.8139232 8.9999986 8.9999987 8.9999986 8.9999988 8.9999986 8.9999990 8.9999986 8.9999986 8.9999985 8.9999990 8.9999989 8.9999988 8.9999986 8.9999988 8.9999981 8.9999986 8.9999984 8.9999981 7.7203964 8.9999982 8.9999989 8.9999990 8.9999990 8.2026409 8.9999989 8.9999990 8.9999980 8.9999985 8.9999982 8.9999981 8.9999984 8.9999990 8.9999990 8.9999989 8.9999982 8.9999983 8.9999987 8.9999987 8.9999989 8.9999985 8.9999981 8.9999983 8.9999984 8.9999981 8.9999981 8.9999984 8.9999989 8.9999986 8.9935887 8.2283995 8.9999984 8.6251782 8.5417054 8.0639221 7.8963320 8.9999984 8.6395598 8.6095531 8.9999981 8.9999981 8.9999985 8.9999989 8.9999982 8.9999985 8.9999984 8.9999990 8.9999988 8.9999984 8.9999987 8.9999983 8.9999989 8.9999988 8.9999986 8.9999982 8.9999981 8.9999983 8.4802821 8.9999981 8.9999988 8.8570754 8.0171193 8.9999981 8.9999989 8.9999981 8.9999987 8.6421444 8.9798745 8.5449945 8.5519015 8.3750786 8.9999984 8.9999989 8.9999990 8.9999984 8.9999988 8.9999982 8.9999990 8.9999988 8.9999989 8.9999982 8.9999982 8.9999983 8.9999988 8.9999987 8.9999984 8.9999987 8.9999986 8.9999981 8.9999986 8.9999989 8.9999985 8.9999983 8.7388131 8.9999989 8.9999984 8.9999990 8.9999986 8.9513320 8.7227646 8.9999989 8.9999981 8.8123219 8.0092835 8.9898802 7.9677126 8.9999989 8.9999987 8.9999990 6.9585735 8.9999986 8.9999988 8.9999980 8.9999983 8.9999990 8.9999987 8.9999988 7.9009977 8.9999990 8.9999981 8.9999989 8.9999985 8.9999990 8.9999980 8.9999988 8.9999981 8.9999981 8.9999983 8.9999989 8.9999988 8.9999988 8.0432367 8.9999989 7.6924497 8.9999982 8.9999987 7.4816379 7.5411026 8.7300891 8.1414783 8.9999987 8.0430034 8.2655874 8.9999987 8.9999989 8.9999990 8.4251146 8.9999985 8.9999980 3.8936281 
WP_489331433.1         8.2195954 7.7143283 8.9999981 8.9999981 0.0000000 0.0697791 0.1258720 0.0948022 0.2123270 0.1512669 0.2274802 0.2280300 0.2660243 0.3128390 0.1735695 0.2299746 0.2747270 0.2880247 0.3063959 0.2762943 0.3110775 0.2889372 0.3221597 0.3772007 0.3803000 0.3511913 0.3770528 0.3363562 0.3041163 0.4292538 0.3106008 0.3327782 0.4352910 0.4366924 0.2399371 0.2128669 0.3092913 0.2966442 0.2998298 0.3489438 0.3471463 0.3754542 0.3693161 0.4142635 0.4781416 0.5179256 0.4036333 0.3726707 0.4183733 0.3298397 0.3262910 0.3794467 0.3907700 0.3760336 0.3573765 0.4236703 0.4357876 0.4345360 0.2711485 0.4250554 0.5137510 0.3421657 0.4064579 0.4230548 0.3998242 0.4758159 0.5904360 0.5385721 0.5463759 0.5548110 0.5711658 0.6246568 0.4227230 0.5070965 0.5337068 0.4748454 0.4504303 0.4745990 0.5010843 0.5307916 0.6735946 0.4459341 0.4237050 0.7044428 0.7558628 0.6597377 0.5815545 0.7537145 0.7919795 0.2553227 0.3178216 0.5785571 0.5138303 1.0746517 1.8232236 1.9105460 1.6969093 1.6898648 1.8171201 1.8388135 1.9382572 1.6270137 1.3155079 1.6189165 1.6358508 1.5362825 1.5193526 1.3108913 1.4031200 1.3122878 1.6953374 1.6225761 1.3926534 1.5131998 1.4160160 1.3978163 1.4615682 1.5275609 1.5278681 1.3349289 1.4001546 1.4677643 1.5482889 1.4476283 1.3462332 1.4960772 1.5124763 1.4242999 1.4577408 1.5777275 1.4888701 1.3507328 1.2141442 1.3538462 1.2728527 1.4086239 2.2091594 1.8256306 1.7941329 2.1436046 1.8584632 1.8345148 1.4896908 1.4066321 1.3358413 1.3737055 1.6928976 1.8446867 1.6891570 1.9075676 1.6721022 1.4482068 1.3070938 2.5157618 1.6178968 1.7148931 2.9951769 2.9044789 2.6770223 2.5911538 2.4174595 2.4824000 2.8636698 1.6375775 2.1575791 2.4465518 1.1089316 1.0384459 1.0257141 1.0780575 0.9947796 1.1535715 0.8123123 0.8890640 0.9174597 0.8599159 1.0990797 0.9809611 1.1845874 1.1557066 1.2759315 1.0809569 1.0095023 1.2110543 1.6774324 2.6002795 1.9427987 2.3485977 2.1674406 2.2783922 2.5865099 2.2027836 2.2822377 2.3378768 1.8377796 2.5897013 2.3884470 2.2803699 2.6095106 2.1527944 2.4923265 2.6863562 3.1703742 2.8920660 2.4242888 2.8130373 2.3070271 2.4418157 1.6837853 1.6763622 1.8998480 1.7192102 1.3104189 2.3228054 2.0416859 1.1835207 1.7337422 1.6368321 2.3598806 1.3831010 1.3406052 1.3582512 1.3689536 1.6285368 5.1456009 
WP_034795158.1         8.2195954 7.7143283 8.9999981 8.9999988 0.0697791 0.0000000 0.1410781 0.1162207 0.2054570 0.1072483 0.2042325 0.2035449 0.2239029 0.3023430 0.1769996 0.2056102 0.2836704 0.2737250 0.3151055 0.2562087 0.3381319 0.2891976 0.3064947 0.3943269 0.3982333 0.3205406 0.3492444 0.3306039 0.2985022 0.4465398 0.3290823 0.3774401 0.4457604 0.4322979 0.2601091 0.2229703 0.2889931 0.3531409 0.3316564 0.3293646 0.3196696 0.3699264 0.3637460 0.4063782 0.4959058 0.5116053 0.3866945 0.3481429 0.3948321 0.3272411 0.3116140 0.3756521 0.3817420 0.3608541 0.3744690 0.3938249 0.4173528 0.4291192 0.2936394 0.4304235 0.4795448 0.3467102 0.4078586 0.4380038 0.4130514 0.4779468 0.5439691 0.5020337 0.4991090 0.5865335 0.5772935 0.6218880 0.3906686 0.5176426 0.5118035 0.4633627 0.4638978 0.5235655 0.5015528 0.5537772 0.6665480 0.4662794 0.4237050 0.6905704 0.7140506 0.6898341 0.5846989 0.7552035 0.8631134 0.2943304 0.3020873 0.5960692 0.4975109 1.0781691 1.8473126 2.0014329 1.7120302 1.6985584 1.8446842 1.8887275 1.9674576 1.6353837 1.3358520 1.6271796 1.6442619 1.5608789 1.4352888 1.3178677 1.3720625 1.3308846 1.6805222 1.5866734 1.4570883 1.5209591 1.4585509 1.4366664 1.4077472 1.4542596 1.5370691 1.3723944 1.4416742 1.4874101 1.5909894 1.4877906 1.3189991 1.5401897 1.5199567 1.4628253 1.4992284 1.5422188 1.5085467 1.3722006 1.2537385 1.3538462 1.3130210 1.4508355 2.2782682 1.8487172 1.8397509 2.0914554 1.8682482 1.7553937 1.5382855 1.4281482 1.2619425 1.3435963 1.7189242 1.8292562 1.6524321 1.9075676 1.6026251 1.4500985 1.2976175 2.5237973 1.6178968 1.7660711 3.0534031 2.9499694 2.7195868 2.5911538 2.4034580 2.4825282 2.8430796 1.6375775 2.1859171 2.4465518 1.1274648 1.1047133 0.9946222 1.0968447 1.0234474 1.1857056 0.8513012 0.9002517 0.9508746 0.8869162 1.1347272 1.0259017 1.1645189 1.1730717 1.2517424 1.0039414 1.0559939 1.1998414 1.6895537 2.6002795 1.9427987 2.3485977 2.1674406 2.2783922 2.5865099 2.2027836 2.2822377 2.3378768 1.8377796 2.5897013 2.3884470 2.2803699 2.6095106 2.1527944 2.4923265 2.6863562 3.1703742 2.8920660 2.4242888 2.8130373 2.3070271 2.4418157 1.7398112 1.6763622 1.8897204 1.7651850 1.3317357 2.2444830 1.9563227 1.1632162 1.7103551 1.6718005 2.3309401 1.3831010 1.3075825 1.2964717 1.3689536 1.6285368 5.1456009 
WP_014168311.1         8.2195954 7.7143283 8.9999981 8.9999990 0.1258720 0.1410781 0.0000000 0.1232135 0.2415450 0.2183958 0.2179802 0.2126095 0.2259616 0.2451680 0.1817431 0.2403399 0.2699396 0.2840721 0.3227698 0.2776992 0.2994028 0.2407587 0.3115354 0.3898586 0.3468698 0.2631232 0.3724810 0.3554995 0.2813171 0.4590250 0.2671124 0.3724399 0.3976319 0.4169854 0.2195676 0.2188481 0.3197496 0.2707105 0.3359775 0.3809563 0.3635497 0.3745404 0.3414440 0.3490056 0.4435399 0.4380662 0.5155855 0.3957404 0.3759003 0.3058748 0.2963401 0.4073973 0.4036104 0.4144469 0.3663589 0.3962528 0.3628268 0.3693277 0.3489428 0.3769525 0.4707358 0.3028127 0.4281205 0.4795522 0.4342343 0.4778442 0.6381982 0.6097066 0.6121888 0.4955497 0.5604529 0.5368765 0.4148048 0.5090969 0.4530214 0.4749031 0.4653820 0.4191582 0.4584507 0.6003033 0.6695015 0.4464587 0.4237050 0.6508700 0.7147402 0.6038085 0.5321986 0.6833295 0.7572382 0.2691399 0.2871765 0.6310879 0.5483882 0.9802102 1.8592077 2.0174637 1.7265154 1.6985584 1.7882550 1.7584411 2.0076161 1.6353837 1.2972186 1.6271796 1.6442619 1.5723908 1.3933248 1.3178677 1.3318427 1.2913041 1.6313488 1.6157260 1.4135804 1.5728928 1.4492856 1.4661335 1.3766756 1.4047631 1.5221257 1.4266148 1.4328148 1.4457761 1.5463729 1.5358090 1.2807368 1.5312893 1.5199567 1.4563504 1.4824507 1.5355616 1.5018893 1.3545169 1.3188964 1.3538462 1.3065755 1.4337689 2.2693819 1.8302169 1.8129007 2.0684969 1.8448366 1.7475053 1.5086323 1.4448752 1.2077843 1.3345282 1.6636425 1.8292562 1.6430888 1.9075676 1.5731495 1.4609591 1.3264198 2.4622880 1.6178968 1.7822327 3.1014751 2.9749523 2.6995692 2.5911538 2.4034580 2.4825282 2.8430796 1.6375775 2.2403965 2.4465518 1.0962444 1.0833649 1.0296136 1.1349789 0.9591902 1.1882700 0.8799763 0.9140417 0.9021036 0.9589851 1.1459482 0.9914986 1.2018184 1.1886139 1.2778375 1.0171123 1.0880107 1.2717066 1.6416230 2.6002795 1.9427987 2.3485977 2.1674406 2.2783922 2.5865099 2.2027836 2.2822377 2.3378768 1.8377796 2.5897013 2.3884470 2.2803699 2.6095106 2.1527944 2.4923265 2.6863562 3.1703742 2.8920660 2.4242888 2.8130373 2.3070271 2.4418157 1.6675655 1.6763622 1.9936775 1.9747695 1.2749250 2.1595985 1.9461028 1.1794722 1.5421045 1.6442982 2.1516943 1.3831010 1.2949887 1.2992721 1.3689536 1.6285368 5.1456009 
WP_490126544.1         8.0401596 7.7143283 8.9999982 8.9999981 0.0948022 0.1162207 0.1232135 0.0000000 0.1487598 0.2092300 0.1047662 0.1197949 0.1515878 0.1554402 0.1218985 0.2148603 0.2475361 0.2276033 0.1980598 0.2315319 0.2677932 0.2085477 0.2532036 0.2952606 0.3073830 0.2715447 0.3047886 0.3227214 0.2519582 0.3949798 0.2483277 0.2619638 0.3130421 0.3600298 0.2015051 0.1732393 0.2239386 0.2404013 0.2223598 0.2192510 0.2375838 0.3130625 0.2417539 0.2753566 0.3323596 0.3443043 0.3172733 0.3291735 0.3287282 0.2502536 0.2524100 0.3116869 0.3255882 0.3572790 0.3649557 0.3574586 0.3808033 0.3434188 0.2195710 0.3638278 0.4784139 0.3006823 0.3979670 0.3826618 0.4349870 0.2985356 0.3980697 0.4493811 0.4724238 0.3778045 0.4107647 0.3352795 0.3272688 0.4662967 0.3189812 0.3819010 0.3812570 0.3548493 0.3768850 0.3541063 0.5099591 0.3985813 0.4335101 0.4744091 0.5488419 0.4856432 0.4305840 0.7329805 0.7141152 0.2040815 0.3102423 0.6066456 0.5135837 0.8607255 1.8542081 2.0401394 1.6766984 1.6899651 1.6577408 1.7833630 1.9988603 1.6892568 1.2860414 1.5766923 1.5929920 1.5842647 1.4377713 1.3068798 1.4128112 1.1488185 1.5834755 1.7025567 1.4020580 1.5051180 1.4261573 1.4274063 1.4344795 1.5442529 1.4579494 1.3181858 1.3381005 1.2941280 1.4465454 1.4373853 1.2569365 1.4459825 1.5678461 1.3907141 1.4091401 1.5040231 1.3342940 1.2600699 1.2611945 1.4065724 1.2888753 1.4260607 2.1350992 1.6566387 1.8116506 2.1681170 1.8486971 1.8459255 1.4300365 1.2754056 1.2500013 1.3142601 1.6084039 1.8586845 1.6828123 1.9075676 1.7532719 1.5049028 1.3453788 2.4602376 1.6047039 1.7127928 2.9856396 2.8283559 2.5901554 2.6129472 2.4357130 2.5013975 2.8858903 1.6375775 2.1367540 2.4395475 1.0802825 0.9856390 1.0296020 1.1624583 0.9668483 1.1487485 0.9344921 0.8946492 0.9173085 0.8712755 1.0590871 1.0502058 1.1805918 1.1394473 1.1994935 1.0293013 1.1028768 1.3297883 1.5602275 2.6002795 1.9427987 2.3485977 2.1674406 2.2783922 2.5865099 2.2027836 2.2822377 2.3378768 1.8377796 2.5897013 2.3884470 2.2803699 2.6095106 2.1527944 2.4923265 2.6863562 3.1703742 2.8920660 2.4242888 2.8130373 2.3070271 2.4418157 1.5650565 1.6808786 1.8798869 1.6895204 1.2136233 2.2065539 2.0570001 1.1234701 1.5776665 1.5268729 2.0458939 1.3221794 1.2502815 1.3890408 1.3644015 1.6164237 5.1456009 
WP_485652686.1         8.2195954 7.7143283 8.9999981 8.9999982 0.2123270 0.2054570 0.2415450 0.1487598 0.0000000 0.2651452 0.2628778 0.2555660 0.2650024 0.3037107 0.2559636 0.3062225 0.3414394 0.3219356 0.3535632 0.3160591 0.3208710 0.3048243 0.3346660 0.4039267 0.4305560 0.3903784 0.4165756 0.3443532 0.3676304 0.4060151 0.2980851 0.4087000 0.4649439 0.4504554 0.3595931 0.2889386 0.3185421 0.3222539 0.3741363 0.3196115 0.3812020 0.4303136 0.4767505 0.4472822 0.4336705 0.4916288 0.5148387 0.3644007 0.4482273 0.3878070 0.3787257 0.3789908 0.4133660 0.4783481 0.3836291 0.4195564 0.4422402 0.4138839 0.3742445 0.4459456 0.5114522 0.3507929 0.4521314 0.4575676 0.4003426 0.4262508 0.6688159 0.6937412 0.6563326 0.5150984 0.4900402 0.5501669 0.4477350 0.6010696 0.5402073 0.5543041 0.5168863 0.5390798 0.5704322 0.6515366 0.6476992 0.4438664 0.4563106 0.6034424 0.6624549 0.7206665 0.5882455 0.7966600 0.8642676 0.3575108 0.3701920 0.5981723 0.5767227 1.1375675 1.8513530 2.0646289 1.6829774 1.6680913 1.7718952 1.9202113 1.9268462 1.6120553 1.2960193 1.6161702 1.6334106 1.5865145 1.6886478 1.4435432 1.4226654 1.3088901 1.7429301 1.5621933 1.4998056 1.4894498 1.3789835 1.3899786 1.4717939 1.6247710 1.4444166 1.3880240 1.5459619 1.4628343 1.6261385 1.5068642 1.4897986 1.5375715 1.5219130 1.4797569 1.4841952 1.6565525 1.5070236 1.2830277 1.2827564 1.4247661 1.2690828 1.4617811 2.3533772 1.8211861 1.8810216 2.2495426 1.8389241 1.9471131 1.5231111 1.4071352 1.4745227 1.4232497 1.6995473 1.9229967 1.7087824 2.0960645 1.9098664 1.5866809 1.4548991 2.6767497 1.7241841 1.8013784 3.0370277 2.7453301 2.5317481 2.7465851 2.6561151 2.6897846 3.1196624 1.7365055 2.4072360 2.5843808 1.1400391 1.1137345 1.1065040 1.1086340 1.0321338 1.1965972 0.9262944 0.9077234 0.9403070 0.9202936 1.1169506 1.1128172 1.2838600 1.1170516 1.3153768 1.1557235 1.1364052 1.3783114 1.6344650 2.7629384 2.0605078 2.4908233 2.2995242 2.4216055 2.7514828 2.3422943 2.4253072 2.4851446 1.7383385 2.5391174 2.3150122 2.2108607 2.5299682 2.0858231 2.4205711 2.5590115 3.0109920 2.8599938 2.3993923 2.7821340 2.2837523 2.3449294 1.5794873 1.6300189 2.0154273 2.0437875 1.5360798 2.4037472 2.0852454 1.2010969 1.7637052 1.5693475 2.3163862 1.3252277 1.3813186 1.5647372 1.4706695 1.7360870 5.1456009 
WP_489645164.1         8.2195954 7.7143283 8.9999990 8.9999990 0.1512669 0.1072483 0.2183958 0.2092300 0.2651452 0.0000000 0.1883823 0.1551391 0.2201385 0.3133238 0.1603376 0.2294229 0.2940526 0.2279375 0.3172207 0.2872646 0.3245279 0.3126626 0.3768846 0.4734674 0.3913972 0.2931490 0.3962459 0.3899460 0.3468963 0.4038385 0.2948588 0.3693565 0.4257477 0.3844259 0.3018443 0.2370728 0.2649047 0.3236378 0.3017868 0.3599736 0.3574913 0.3450650 0.4148943 0.4274655 0.4720674 0.5320109 0.4825039 0.3294810 0.3501178 0.3244071 0.3023042 0.3620213 0.4008432 0.3911109 0.3209709 0.3682515 0.4122330 0.4293449 0.3257836 0.3728929 0.4593904 0.3395672 0.4303858 0.3493808 0.4378336 0.5014348 0.5633441 0.5471531 0.4954010 0.5250624 0.5748872 0.6006271 0.3978965 0.4931376 0.5497772 0.4623319 0.4656508 0.5249243 0.4880234 0.6792224 0.6394755 0.4151154 0.4008115 0.7425403 0.7529512 0.7735063 0.5876574 0.7609119 0.8528629 0.3719506 0.3340692 0.5655299 0.5189233 1.0663430 1.7303345 1.8809853 1.6033909 1.5549990 1.7400583 1.7594454 1.8589627 1.5145490 1.2766084 1.5389276 1.5550091 1.6336604 1.3877587 1.3702973 1.3883800 1.3338628 1.5503161 1.5635023 1.3498314 1.3784931 1.4398227 1.4265033 1.3414275 1.3884147 1.5255615 1.3120573 1.5639254 1.4600693 1.6006932 1.4050853 1.3671884 1.5609146 1.3837247 1.4633361 1.5201694 1.4589387 1.5598832 1.3725318 1.3166596 1.2718949 1.3499337 1.5089510 2.2240817 1.8111745 1.8329297 2.0451169 1.7234567 1.7737134 1.6613937 1.5704137 1.1383943 1.3364255 1.8344327 1.6957934 1.5837238 1.9075676 1.5647945 1.4952248 1.3149553 2.3781280 1.6303992 1.7682965 3.0381702 3.0265653 2.7844581 2.4420758 2.3949567 2.3666171 2.6491751 1.6375775 2.3273623 2.4282906 1.1486573 1.1603798 1.0438618 1.1171283 1.0274705 1.2096276 0.8950015 0.9307490 0.9951437 0.9407862 1.1848300 1.0787843 1.1759879 1.2076987 1.2495374 1.0695264 1.1438109 1.2025804 1.6187165 2.6002795 1.9427987 2.3485977 2.1674406 2.2783922 2.5865099 2.2027836 2.2822377 2.3378768 1.8377796 2.5897013 2.3884470 2.2803699 2.6095106 2.1527944 2.4923265 2.6863562 3.1703742 2.8920660 2.4242888 2.8130373 2.3070271 2.4418157 1.7785880 1.7626340 1.9633311 1.9787387 1.4122683 2.4997892 2.1233655 1.2112568 1.9355499 1.6782633 2.3393423 1.3641175 1.2608675 1.2769470 1.3619147 1.5028830 5.1456009 
WP_489945361.1         8.1897157 7.8952029 8.9999988 8.9999981 0.2274802 0.2042325 0.2179802 0.1047662 0.2628778 0.1883823 0.0000000 0.0974983 0.1147633 0.2411311 0.2161088 0.2927188 0.3229566 0.2614073 0.2691981 0.2968716 0.3178433 0.3360740 0.3565030 0.4489022 0.4147625 0.3614245 0.4816672 0.4527013 0.4207390 0.4194740 0.2890924 0.3212914 0.3435030 0.4229584 0.2624872 0.2512995 0.2726054 0.1899690 0.3750306 0.3135599 0.2362805 0.1968825 0.2683193 0.2934744 0.2980053 0.3475698 0.4240118 0.3161667 0.3359972 0.3397309 0.2361291 0.3965125 0.3771320 0.4216550 0.3676621 0.3695462 0.3898064 0.4368491 0.2837662 0.3710963 0.4095265 0.3040108 0.3532702 0.4004959 0.3736430 0.3795789 0.4543221 0.5103284 0.4798366 0.4342898 0.3774927 0.3510113 0.3448160 0.3968310 0.4696091 0.4254631 0.5132746 0.4771297 0.4421340 0.4855951 0.4336204 0.2735618 0.3388244 0.6048649 0.6019594 0.4902359 0.4953151 0.6625691 0.7433271 0.2389412 0.3110478 0.5612375 0.5130225 0.8072647 1.7135736 1.8308459 1.5651618 1.5975486 1.7277061 1.7773637 1.8868013 1.5830533 1.3239285 1.4342164 1.4484161 1.5150743 1.3034684 1.4765599 1.3245585 1.2969490 1.4508668 1.5142377 1.4735334 1.5022821 1.4709289 1.4494767 1.2603745 1.4017833 1.3786674 1.4559035 1.4574119 1.3086702 1.4456043 1.4223494 1.2444616 1.4708147 1.5607719 1.3751173 1.4450058 1.2455667 1.3178433 1.2504761 1.2704845 1.3264884 1.3198842 1.4144416 1.8585205 1.6554331 1.9168357 1.9801911 1.8670691 1.5911265 1.4035563 1.4373598 1.1024831 1.3395010 1.8922855 1.7346799 1.5941144 1.8094472 1.6999563 1.4812414 1.2316170 2.4572131 1.6090646 1.7238054 2.8277697 2.9216212 2.7451601 2.5757078 2.5373912 2.6166466 2.8944002 1.6290178 2.1112683 2.3781413 0.9836385 1.0805190 0.9789962 1.1213349 1.0444099 1.1077623 0.9204924 1.0439755 1.0138158 1.0131721 1.0787132 1.0834782 1.1012254 1.2172104 1.1529971 0.9579016 1.1902221 1.0220792 1.7373707 2.6103857 1.9544438 2.3591687 2.1785925 2.2895625 2.5839635 2.2142571 2.2933676 2.3216499 1.8242654 2.5707810 2.3718926 2.2626286 2.5889927 2.1376990 2.3709773 2.6688683 3.1473502 2.8722078 2.4082388 2.7938658 2.2916389 2.4251638 1.7825773 1.7754487 1.7548643 1.8058326 1.2108506 2.4360072 2.1199630 1.1147296 1.7156162 1.6432648 2.0566215 1.3457179 1.1233369 1.2320337 1.4105496 1.6186738 5.0522316 
WP_486318069.1         8.9575957 8.3373272 8.9999985 8.9999987 0.2280300 0.2035449 0.2126095 0.1197949 0.2555660 0.1551391 0.0974983 0.0000000 0.0920971 0.2612194 0.1805180 0.2544566 0.3079558 0.2427804 0.2918577 0.3436360 0.3954045 0.3794103 0.4075387 0.5025121 0.4361724 0.3661095 0.4972705 0.4512864 0.4522799 0.4204906 0.3047265 0.3579583 0.3718596 0.4250832 0.2494593 0.2717000 0.2934844 0.1913096 0.3355132 0.3198621 0.2070695 0.2116900 0.2854065 0.2979233 0.2895460 0.3121717 0.5302205 0.3276583 0.3205652 0.3438924 0.2909667 0.4217217 0.3826133 0.4367708 0.3805065 0.3724486 0.4053923 0.4279613 0.3092718 0.3648467 0.4767782 0.3539269 0.4133086 0.3364154 0.4194167 0.3540404 0.4642990 0.4985124 0.4691712 0.4208780 0.3806379 0.4095691 0.3416062 0.3757726 0.5599455 0.4334017 0.5176588 0.4823542 0.4676925 0.4637736 0.4618712 0.2946142 0.3438106 0.5556273 0.5282882 0.5289939 0.4747632 0.6918545 0.7698940 0.2987663 0.3480339 0.5429511 0.5185997 0.7986459 1.7542495 1.8749212 1.6004447 1.6795559 1.7615320 1.8125999 1.9339638 1.6161279 1.3354287 1.5490688 1.5653501 1.6010174 1.4078766 1.5187798 1.3125510 1.2678451 1.5011063 1.6456449 1.4211042 1.4826013 1.4824417 1.4636686 1.2228123 1.4150651 1.4317715 1.3572875 1.5737500 1.3861837 1.4936561 1.4477725 1.3056642 1.4776701 1.5578695 1.3893954 1.4601955 1.2463250 1.4342834 1.2854423 1.3858154 1.3229318 1.4072733 1.5126977 1.8738951 1.6636086 1.7846905 1.8758230 1.8681757 1.6501512 1.5488609 1.5861795 1.0588866 1.3721703 1.9965609 1.7462777 1.5801060 1.8094472 1.6848996 1.5051045 1.2523336 2.4201851 1.6325188 1.7749433 2.9800221 3.0112759 2.7440072 2.5630625 2.5996773 2.5709592 2.8809329 1.7014468 2.1815483 2.4636415 1.0610847 1.1720781 1.0553593 1.2269239 1.1261445 1.1927779 1.0345672 1.0841429 1.0817507 1.0537485 1.1134287 1.1772189 1.1529534 1.3104949 1.2260090 1.0329112 1.3211893 1.1775217 1.6970828 2.7755307 2.0659105 2.5002040 2.3070996 2.4003397 2.7124070 2.3218098 2.4040513 2.4353450 1.9345397 2.7450742 2.4502873 2.3716073 2.6755357 2.2417945 2.4790244 2.8303984 3.3656337 2.9666386 2.5529953 2.9290708 2.4285896 2.5757514 1.8069134 1.8403989 1.7578002 1.9205731 1.2673506 2.5113648 2.1742952 1.1695010 1.6470608 1.4982719 2.0520005 1.3998479 1.1606864 1.2195350 1.4657554 1.5574616 5.5306923 
WP_334555714.1         8.1897157 7.8952029 8.9999987 8.9999989 0.2660243 0.2239029 0.2259616 0.1515878 0.2650024 0.2201385 0.1147633 0.0920971 0.0000000 0.2622988 0.1833146 0.2404851 0.3160925 0.2575756 0.2730003 0.2757363 0.3339570 0.3907752 0.3842848 0.4860477 0.4755532 0.3974605 0.4746163 0.4236535 0.4600724 0.5183487 0.3301482 0.3047196 0.3569807 0.4161993 0.2181025 0.2102258 0.2398129 0.3193901 0.3339152 0.3551863 0.3154243 0.2875823 0.2940974 0.2886125 0.3481222 0.2650631 0.5043209 0.2695718 0.3288388 0.3482885 0.2884310 0.4031322 0.4391836 0.3770123 0.3177721 0.3530272 0.3984456 0.4127547 0.3009317 0.3713665 0.4354518 0.3487841 0.4273736 0.3488705 0.4500545 0.4520327 0.5996392 0.5884379 0.5491708 0.4294922 0.4638348 0.4687631 0.3818282 0.4185759 0.5558328 0.5209705 0.5646923 0.5614795 0.5558952 0.5488031 0.6107029 0.3580187 0.3860439 0.6565732 0.6802333 0.6214574 0.5344527 0.6780583 0.8426985 0.3082083 0.3671836 0.5144678 0.4596581 0.9924407 1.7272905 1.7682910 1.5464581 1.6516970 1.7720671 1.8107524 1.8617940 1.5798636 1.3258647 1.4023073 1.4160195 1.5774019 1.4816597 1.4690654 1.4206212 1.3539432 1.4893791 1.5795072 1.4175155 1.4097779 1.3573065 1.3333874 1.2211347 1.3550774 1.4063743 1.3242615 1.5091275 1.4393766 1.5644691 1.3663943 1.2882064 1.5006807 1.5582023 1.4116626 1.4697947 1.2923859 1.4610470 1.2538516 1.3897311 1.3636654 1.3660472 1.4807713 1.8647441 1.6505310 1.8687089 1.9868461 1.8423835 1.6484740 1.5083153 1.5557010 1.1159483 1.3474224 1.8779924 1.7540936 1.5822295 1.8094472 1.6106503 1.4472429 1.2033067 2.3962433 1.5581862 1.7013071 2.7678677 2.8738394 2.6032338 2.4499786 2.4619800 2.4404461 2.7916130 1.6290178 2.0899467 2.3603393 1.0944534 1.1601397 0.9870616 1.1849236 1.1135284 1.1529449 0.9403394 1.0243601 1.0697586 0.9922704 1.1701536 1.1459323 1.2215970 1.2627686 1.2502660 1.0175117 1.2334615 1.2665509 1.6708662 2.6103857 1.9544438 2.3591687 2.1785925 2.2895625 2.5839635 2.2142571 2.2933676 2.3216499 1.8242654 2.5707810 2.3718926 2.2626286 2.5889927 2.1376990 2.3709773 2.6688683 3.1473502 2.8722078 2.4082388 2.7938658 2.2916389 2.4251638 1.7427365 1.7883948 1.9013941 2.0104405 1.2456785 2.2178145 1.9098773 1.0929286 1.7347135 1.5200358 2.0451652 1.3270448 1.2149053 1.2075285 1.4033054 1.5560814 5.0522316 
WP_487315469.1         8.1201783 7.7940612 8.9999987 8.9999981 0.3128390 0.3023430 0.2451680 0.1554402 0.3037107 0.3133238 0.2411311 0.2612194 0.2622988 0.0000000 0.1917490 0.2302294 0.3536478 0.3294023 0.3294806 0.3551901 0.3284438 0.2582628 0.3058721 0.4233217 0.3070794 0.3291755 0.3981681 0.4641527 0.3483267 0.4043195 0.2390223 0.3290102 0.2947918 0.3682458 0.2350455 0.3200879 0.2640811 0.3028163 0.3641583 0.3040762 0.3169505 0.3398151 0.4575122 0.3938315 0.5083321 0.4527797 0.5076090 0.4026213 0.3124560 0.2390791 0.2506685 0.2958341 0.3572637 0.4107495 0.3947395 0.3868617 0.3760835 0.4208981 0.3429948 0.4163181 0.4288328 0.2880670 0.3714843 0.3364551 0.3809875 0.2850084 0.4245651 0.4730092 0.4940703 0.4193316 0.4281616 0.3888073 0.3774040 0.3024787 0.4623717 0.3747731 0.3427477 0.3683713 0.3946989 0.5446364 0.4744847 0.2904599 0.3127039 0.5293931 0.5033947 0.4608913 0.3854940 0.5428232 0.5769743 0.2608838 0.3430003 0.5550275 0.5463102 0.7785296 1.6239362 1.7743141 1.5718825 1.4916758 1.5794705 1.6794722 1.7772154 1.5068100 1.1321787 1.4216513 1.4356064 1.4087503 1.2915394 1.2452386 1.1980444 1.0963763 1.4194871 1.4675375 1.2532994 1.2859110 1.4754371 1.5200433 1.2793683 1.3517569 1.4964756 1.4837698 1.4218527 1.2504797 1.3696618 1.3630722 1.0920459 1.4047356 1.3978892 1.3065143 1.3725085 1.3335919 1.3502918 1.1727748 1.3473895 1.3910378 1.3553387 1.4603630 1.6678447 1.5174927 1.9859629 1.8856118 1.7908479 1.5040895 1.4610733 1.4887113 1.1393939 1.1825678 1.6453803 1.7114319 1.4478119 1.7524529 1.7074783 1.4698386 1.2690931 2.3300553 1.5817392 1.9170163 2.8567909 3.2796470 2.6260247 2.4629962 2.4307258 2.4901512 2.6873146 1.6733682 2.0993097 2.3421590 0.9775903 0.9560640 1.0068162 1.0556751 1.0272813 1.1416775 0.8687603 0.8211803 0.8373301 0.9134021 1.0625368 0.9667646 1.1184477 1.2032255 1.1487796 0.9004981 1.2095412 1.1640410 1.6939282 2.4789231 1.8520019 2.2413838 2.1529440 2.1702888 2.4820156 2.0971199 2.1742369 2.1756484 1.8327091 2.5031174 2.2750341 2.1731521 2.4857570 2.1968317 2.5763574 2.6001603 3.2933355 2.9967941 2.5068492 2.9137678 2.3855885 2.5276071 1.8241870 1.6692932 1.6409246 1.6358771 1.1876844 2.0305687 1.8737198 1.0731712 1.4847293 1.5273242 2.0871775 1.3725340 1.0646276 1.1620564 1.3605734 1.4986757 5.2379338 
WP_490376079.1         8.0140474 7.5671364 8.9999984 8.9999984 0.1735695 0.1769996 0.1817431 0.1218985 0.2559636 0.1603376 0.2161088 0.1805180 0.1833146 0.1917490 0.0000000 0.1130734 0.1525400 0.1784039 0.1864292 0.2878879 0.2558856 0.2791636 0.3038385 0.2640142 0.2665140 0.2619734 0.3082084 0.2707601 0.2757311 0.2718498 0.2002880 0.2775002 0.2423278 0.2874372 0.1596180 0.1304247 0.1605462 0.2102719 0.1912695 0.2722232 0.2545339 0.2341854 0.2274812 0.2596866 0.3068625 0.3053742 0.3217985 0.3315303 0.3536806 0.2963208 0.2885648 0.3669372 0.3718708 0.3541276 0.3804895 0.3516880 0.3570653 0.3552062 0.2962090 0.3515739 0.4269406 0.2640239 0.3212348 0.2943006 0.3088143 0.3149434 0.3959652 0.3946676 0.4036067 0.3338132 0.3186390 0.3042228 0.2808477 0.2472693 0.3891473 0.3042664 0.2909704 0.2460323 0.2709766 0.3550666 0.3413966 0.2239892 0.3044148 0.3838530 0.3727661 0.2759752 0.3099733 0.5288630 0.6325495 0.0663747 0.2847204 0.4998971 0.4171793 0.6272311 1.4223735 1.4854951 1.2324002 1.4724056 1.4972064 1.5331836 1.5952224 1.3865259 1.1837619 1.3323571 1.3455057 1.2780148 1.3188754 1.2203308 1.2254026 1.1668373 1.3070946 1.3803057 1.3405333 1.3030679 1.1665354 1.1625956 1.0707801 1.2172479 1.1540671 1.0861201 1.1393608 1.2087954 1.3284558 1.1785293 1.1319558 1.2297293 1.3679014 1.1609178 1.2321702 1.0825168 1.2011317 1.0738219 1.2089067 1.3537304 1.1407104 1.1662108 1.4649538 1.3246674 1.7326530 1.6537353 1.5709562 1.4902827 1.2340683 1.2805656 1.0437749 1.0764400 1.5546214 1.5946969 1.3754285 1.7634735 1.3761532 1.2603531 1.0422409 1.9801578 1.5160825 1.3953557 2.5334663 2.3517739 2.2122913 2.2354823 2.2952886 2.1542232 2.3494841 1.6134928 1.7933360 2.3828480 0.8268788 0.8450308 0.8561149 0.9402222 0.8244746 0.8443547 0.7894174 0.8516051 0.8551434 0.8092346 0.8657209 0.8911164 0.9968387 0.9880290 1.0186654 0.8660932 0.9557014 1.0374235 1.2992565 2.6178426 1.9556390 2.3642237 2.1819854 2.2941424 2.6103542 2.2181336 2.2979720 2.2557753 1.7893363 2.5778956 2.3496304 2.2403872 2.6139599 2.1147475 2.6354734 2.7391686 3.2367998 2.9510544 2.4732911 2.8703779 2.3540548 2.4926467 1.6097842 1.7920578 1.3074934 1.4415361 1.0515706 2.3664201 1.8581910 1.0111512 1.3922855 1.4068605 2.0091630 1.4012731 1.0572786 1.1179261 1.3240276 1.3861339 5.2180312 
WP_489732230.1         8.3195461 7.8434316 8.9999985 8.9999990 0.2299746 0.2056102 0.2403399 0.2148603 0.3062225 0.2294229 0.2927188 0.2544566 0.2404851 0.2302294 0.1130734 0.0000000 0.2329848 0.2544523 0.2954311 0.2871721 0.3527405 0.3348058 0.3958817 0.3847553 0.3040889 0.2770611 0.4152685 0.3798331 0.3207133 0.3336894 0.1759711 0.3815655 0.3534448 0.4171054 0.1421239 0.2151215 0.2567622 0.3253653 0.3050674 0.2512387 0.3943523 0.3161501 0.2962383 0.3619550 0.3779866 0.4485238 0.3735714 0.3786503 0.4242597 0.2914234 0.3395653 0.4136012 0.4670136 0.4189002 0.4116614 0.4205279 0.4308504 0.4571500 0.4095220 0.5025954 0.5496133 0.4205696 0.3975353 0.3898366 0.4067403 0.3076568 0.4703344 0.4965837 0.4671729 0.4833019 0.4310511 0.4731296 0.3324164 0.3151269 0.4266102 0.3755256 0.3015967 0.3334309 0.3774683 0.4627174 0.3428698 0.3556350 0.3243072 0.5116458 0.5292666 0.4566075 0.3763858 0.6389506 0.5830740 0.2831086 0.3175279 0.5353459 0.4867197 0.6988778 1.7704803 1.8785472 1.5965814 1.6109182 1.6936355 1.7390738 1.9049335 1.4615291 1.2933927 1.4157281 1.5703568 1.4400247 1.3365415 1.3093564 1.2904143 1.4250478 1.5712644 1.4058202 1.3901955 1.4519713 1.4791521 1.4489075 1.2790050 1.5075326 1.3995181 1.3819467 1.3802965 1.3950062 1.5905280 1.3970549 1.1751164 1.5277225 1.4205126 1.4985272 1.4774423 1.3495926 1.4373270 1.2596910 1.4216196 1.3842153 1.4762336 1.4395455 1.7512227 1.5437408 2.0709196 1.9038749 1.7371060 1.4741384 1.5607219 1.5633578 1.2893996 1.3507129 1.7331760 1.6565560 1.4623875 1.6816445 1.5324812 1.3668721 1.1856744 2.3833971 1.6396087 1.7118569 2.9560032 2.9170175 2.7847090 2.2972438 2.6299734 2.4916532 2.6681119 1.5736821 2.1026692 2.4874650 1.0224086 1.0336174 0.9991575 1.1168967 1.0849146 1.1143469 0.9471901 1.0072444 1.0470013 1.0473845 1.0790637 1.0507783 1.1731556 1.1194094 1.1730076 0.9645163 1.1324071 1.2352367 1.4564569 2.6931968 2.0096637 2.4294958 2.2424609 2.3597592 2.6870854 2.1296482 2.3635277 2.3374895 1.8375415 2.5103663 2.4461298 2.3315788 2.6727794 2.2029128 2.5830964 2.7848590 3.3022572 3.0047835 2.5134976 2.9215469 2.3919456 2.5345101 1.8784290 1.8570084 1.6180758 1.7147120 1.2039950 2.1463534 1.8367559 1.0816580 1.6683617 1.4299346 2.0156266 1.4218546 1.1550425 1.3550161 1.4040977 1.6325515 5.2515357 
WP_490033013.1         8.2676354 7.7591799 8.9999988 8.9999982 0.2747270 0.2836704 0.2699396 0.2475361 0.3414394 0.2940526 0.3229566 0.3079558 0.3160925 0.3536478 0.1525400 0.2329848 0.0000000 0.1458308 0.1402467 0.3353325 0.4926982 0.4249137 0.4630692 0.4515508 0.4421571 0.3700313 0.4505570 0.3858579 0.3095430 0.3425107 0.2807600 0.3907369 0.3351631 0.3811791 0.2937479 0.2685355 0.2702504 0.3571977 0.1935393 0.3795727 0.3921895 0.4452769 0.3539231 0.3716172 0.4218439 0.5163764 0.6490995 0.4436544 0.4685124 0.3708321 0.3829881 0.4471465 0.4986384 0.4808829 0.4862462 0.5372118 0.4975865 0.5031600 0.4559180 0.4707857 0.6473049 0.4645207 0.4953276 0.4746288 0.4468567 0.3719473 0.5198580 0.4823659 0.5495015 0.4262661 0.3966104 0.3745691 0.5621479 0.3715343 0.5155697 0.3184984 0.2504053 0.3119547 0.2912163 0.5681841 0.5106984 0.4199196 0.3753377 0.4362010 0.5029841 0.4656884 0.4460232 0.6752652 0.6707935 0.2818989 0.4099027 0.6671149 0.5547122 0.7654973 1.7582910 1.8504360 1.6245464 1.4121723 1.5747432 1.6705793 1.8749358 1.5071080 1.3703056 1.4356508 1.5187521 1.5385887 1.5248423 1.3037720 1.3421336 1.3135945 1.4680051 1.4521285 1.4636217 1.5487246 1.4421997 1.3679597 1.4248807 1.5638428 1.4952378 1.2488864 1.1044924 1.2079214 1.2999504 1.2055651 1.2287449 1.3059105 1.3063942 1.5848243 1.5338202 1.3681542 1.5427197 1.3104632 1.2263793 1.2860246 1.4333228 1.3944369 2.0718435 1.7425751 1.7931190 2.1764512 1.8208253 1.8347510 1.5596713 1.5650698 1.4942228 1.4574043 1.7578163 1.7378991 1.6361153 1.6925608 1.5801219 1.6092140 1.5117547 2.3313343 1.7402663 1.7095097 3.1458897 3.0597170 2.8255304 2.1268612 2.4374234 2.1983375 2.6080010 1.6603003 2.3729605 2.6174964 1.1493894 1.1563086 1.1289560 1.1330341 1.0384090 1.1875977 0.9120723 1.0527715 0.9931615 1.1068332 1.1415037 1.0807770 1.3920520 1.2406119 1.4163492 1.2197863 1.0239900 1.1013643 1.5527468 2.7884877 2.0836265 2.5149392 2.3233488 2.4464428 2.7645403 2.2602574 2.5072740 2.5411449 1.9972821 2.4564649 2.5961050 2.4728779 2.8896139 2.3388794 2.7993628 2.8423056 3.3739419 3.0686110 2.6260856 3.0572131 2.4993360 2.5738044 1.6185280 1.8784798 1.6132822 1.7607509 1.3966230 2.4457088 2.2039681 1.3303952 1.8351530 1.2820660 2.3209964 1.4215431 1.4994240 1.5713998 1.4806645 1.6525227 5.3175593 
