225
WP_490674411.1         0.0000000 0.6539508 2.8514297 2.9221383 2.4677048 2.4904272 2.3342590 0.4999028 2.5822847 2.8594025 2.2064626 2.4043498 2.3830154 3.0323100 2.5699032 0.1744423 1.8913010 2.8977598 1.4906899 2.7388336 2.7737102 1.5063552 2.5348311 2.7424845 2.0871404 1.9120626 2.1157129 2.5545792 2.2462250 2.6764375 3.7570270 2.9914852 2.3413229 2.5643291 1.6723608 2.4242004 1.7263941 3.1942149 2.8896767 2.7083932 1.7934154 1.8958590 2.7906078 1.8025771 1.4144537 2.8092969 2.6401623 0.8743847 1.4039263 1.9956905 2.9354277 1.6838458 1.8723232 2.0774154 3.1462717 2.2408528 2.0066983 2.0795844 2.5427101 1.9272224 2.5015806 2.5716280 2.0532666 3.1549673 2.0906030 3.1427882 2.4568139 2.8357627 2.6551753 2.1406594 3.9878720 2.0918296 1.9261646 1.9057046 4.0096684 4.0203247 2.7655672 2.9413068 2.3018377 2.0933046 1.8140585 2.2972424 3.1759824 1.8745298 2.0339702 2.5740403 2.2352425 2.4826021 2.2911557 2.5846342 1.6387039 1.5125244 2.0996497 2.9223749 2.1681017 2.2456229 2.7975731 2.5576911 1.5411760 2.6218087 2.7559749 0.7959699 1.9960547 2.7307665 2.5848518 2.8259015 2.8564182 0.2443080 2.4226628 1.5109958 2.6038940 2.4308162 2.5734815 1.5187059 2.9219416 2.2163538 2.6555765 2.1871756 3.0081097 2.2048662 0.6379474 2.2167447 1.6068892 2.7690383 2.6834382 2.8718860 2.4121360 1.9968856 2.8353265 2.7082685 2.2263580 2.5251061 2.5248990 2.4750717 2.6305444 2.9974708 2.2261560 2.1790687 2.3194511 2.6086170 1.8383875 2.6078273 2.8337438 1.9685773 2.3321869 2.0194906 2.3513392 2.1578607 2.5897857 2.8726839 2.5478652 1.5797029 2.8343647 3.5516092 3.0567620 2.4879464 2.4567273 2.5436887 2.7540091 2.1295578 1.9709386 2.0785548 1.1360162 3.5053341 2.4820477 2.3788246 2.7315457 2.9306688 2.1382915 2.6024659 2.4571129 1.5204749 2.0024409 2.0194059 2.8492323 2.6160274 2.8460353 1.3949214 2.6060604 3.1334160 2.8812342 2.7261299 2.1974821 1.8471138 2.6882409 2.3032639 2.4848534 2.2012368 3.0083584 2.6113941 1.8114939 3.1856465 2.8983982 1.5033645 2.2046770 2.4262358 1.9963661 2.3509930 2.6323662 2.4935312 2.3699106 2.7336180 2.4930375 2.3849619 2.4562583 2.6202512 2.6157416 2.1265117 0.5332865 1.8256153 2.2035061 1.6386934 4.0483147 2.3296485 1.6584440 1.8242691 2.8898535 2.8257376 3.2275119 3.9838965 8.9999983 8.9999988 8.8568410 8.9056740 8.9999982 
WP_490663219.1         0.6539508 0.0000000 1.8697620 2.0786560 1.7238938 1.6554056 1.9143841 0.1401831 1.9617886 1.8089179 1.5219942 2.4768991 2.1964273 2.0709286 2.0612137 0.5821873 1.2905425 2.0786560 0.9140811 1.8938838 2.2040767 1.0000243 1.7614471 1.9799611 1.9586999 1.1770531 1.8092591 1.9207119 1.2924857 1.9702223 2.6209207 2.0432434 1.8204108 1.8942610 1.1034897 2.0137894 1.0860629 1.9283095 1.9545470 2.0052179 1.5862770 1.9405918 1.9038864 1.0065997 1.1878502 1.9796346 1.7512305 1.2434699 1.1602176 2.3795797 1.9283095 1.2284435 2.1463089 2.6755116 1.9712744 1.6012728 1.4852719 1.5682628 1.7100599 1.0909897 1.8529956 2.0282901 1.9147185 2.0898534 2.6323850 1.9823855 1.7808891 1.7676813 2.0052517 1.9412462 2.3925679 1.4355901 1.4408522 1.3884739 2.5537926 2.5006943 1.8715724 1.8797840 1.6714023 1.0639152 1.8028306 1.6263223 2.5331987 1.5099811 1.4792714 1.8756351 2.5644680 1.9414382 1.8069516 1.6554056 1.0859674 1.0154342 1.8395687 1.8155631 1.7378602 1.6427755 1.8752165 1.6554056 1.2308301 1.5115450 1.8900064 0.9702253 2.1360660 2.0755545 1.9209506 1.9209506 1.9209506 0.5612304 2.0141672 1.1471127 2.0478355 2.1343448 1.9577870 1.1443173 2.1853609 1.7607757 2.0796451 1.6916509 2.1267112 1.6777584 0.2164423 1.8371967 0.9049561 1.9452160 2.0450924 1.9148038 1.9594146 1.3322100 1.6507819 1.8084383 1.4922797 2.0446518 1.6028345 1.7425792 1.9055934 2.2199018 1.4936401 2.2653832 2.4859420 1.9669159 1.2974151 1.8512445 1.9274904 1.9846269 2.5368048 2.2226115 3.2740576 1.4039456 1.8809372 1.9452818 1.7799475 1.1606271 2.0863026 1.9753459 1.9570276 2.0040744 2.2508145 1.9626871 2.0273575 2.0473365 1.9645280 1.7592226 1.4814902 2.1747868 1.9424955 1.9577870 2.0291864 2.0355869 1.9129950 1.8904027 1.9289051 1.0714262 1.3318049 1.4819390 1.9796346 1.5372045 2.0093542 1.2136448 1.7981922 1.9775846 1.8179359 1.9368386 1.6468380 1.8009239 2.0925927 1.9606676 1.9265135 1.8960585 1.8846925 1.7279180 1.1041916 1.8919124 1.7354490 1.0419549 1.4143039 1.7145605 1.3319900 1.7486031 1.7830638 1.5290634 1.9108145 1.7688373 2.0562728 1.7418902 1.9413018 1.9965575 1.8018494 2.5092737 0.1185966 1.6479936 1.5164914 1.0061876 2.8622469 1.9695370 1.1698565 2.0434177 1.9796346 1.7731962 1.8542077 2.4162523 8.9999985 8.5798379 8.9999986 5.5643063 8.9999990 
WP_490627060.1         2.8514297 1.8697620 0.0000000 0.3708435 0.5345628 0.3239086 0.2015882 1.7848892 0.3756413 0.4483448 1.5813385 3.0158906 1.7191818 0.3983754 1.1407300 2.5243409 1.5126445 0.3407308 1.8099380 0.3492970 0.3538346 1.9099558 1.5790099 0.3123940 1.3709215 1.3916849 0.9373108 0.2611871 1.7020787 0.3410787 1.7996808 0.4407980 0.5339954 1.5826198 1.4510341 0.2344817 1.7672230 0.2619089 0.3010352 0.3075761 1.6801652 2.8346595 0.2088499 1.4711860 1.4876567 0.3533079 0.3494976 1.8681282 1.3534515 2.7755346 0.2055324 1.8392646 2.8021427 2.7126482 1.3902884 1.3812310 1.2656298 1.3584506 0.3022073 1.3075801 1.2458821 1.3368245 2.3879200 0.3890854 3.0148340 0.3591582 0.4079033 0.5572219 0.3497840 1.1539588 1.5000980 1.3636904 1.3579190 1.4498214 1.5293159 1.5512546 0.1424587 0.1422584 1.2968203 1.5068228 1.9541938 1.4071671 2.0162696 1.3505636 1.4659366 0.1794748 3.2874740 2.4795265 0.3216013 0.3266753 1.4342218 1.3873526 2.3498284 0.2680994 1.5188649 1.1288382 0.1687711 0.3518232 1.5167094 1.5325093 0.2522750 2.2595098 2.6600138 0.3450616 0.1983730 0.2661214 0.2866478 2.6633848 0.3101312 1.4176950 0.4018547 0.3095182 0.2281218 1.4066392 0.4399213 1.0478107 0.2537602 1.0621708 0.3836364 0.9918018 2.3329278 1.1583945 1.6245468 0.3575294 0.3740611 0.2468802 0.3011677 1.7453668 0.4316360 0.3009361 1.6399724 0.4927059 2.3277922 1.2358772 0.2823935 1.6270356 0.9251077 2.8161805 2.7950267 1.3047152 1.3581139 0.3835475 0.4573783 2.3151214 2.2487636 2.4436766 3.3808756 1.4676551 0.1732562 0.4882500 0.1983014 1.3466823 0.3739246 0.3071477 0.4066527 1.6183345 2.4250646 2.5607950 0.3918227 2.8689045 2.9095625 1.1215114 2.5764120 1.4210111 0.3394980 0.2468088 0.3573980 1.1556354 1.8877667 0.2097389 0.2862498 1.5055065 1.3671960 1.1317097 0.3299170 1.4276017 0.5730044 1.4301758 0.1875014 0.4276456 0.2668857 0.2918784 1.4960920 1.7751988 0.3334457 1.2125592 1.2366681 1.1399017 0.1667399 1.2724608 1.5685470 0.1881562 0.2251906 1.4849250 1.2598512 1.7138767 1.2089622 1.6172245 1.1276513 1.3252580 0.2171050 0.4187925 0.3116467 1.2651868 0.5114607 0.2064157 2.2030253 2.6965129 1.8945612 1.5471961 1.4306587 1.5573521 1.3461948 0.3456046 1.5093628 2.5375302 0.3744669 0.6001186 1.7517872 1.3723759 5.8692759 3.7028618 5.5612399 3.8152770 6.3807788 
WP_490580416.1         2.9221383 2.0786560 0.3708435 0.0000000 0.5606950 0.4966359 0.2121786 2.2499202 0.4376811 0.5470973 1.3421833 3.0087401 2.0971790 0.5338908 1.0039351 2.9580549 1.4465445 0.1554964 1.6137417 0.4127499 0.4727282 1.6118326 1.6571547 0.3655160 1.5015072 1.3127360 0.9138247 0.3188489 1.4767643 0.2392477 2.0483660 0.5974569 0.7487649 1.7529454 1.3815925 0.2730900 1.4633028 0.5041455 0.3644046 0.3798667 1.6128123 2.4122545 0.4843523 1.2736133 1.2395177 0.3522581 0.5398202 1.7865263 1.4363495 2.6632550 0.4005860 1.8316088 1.9608396 2.2818895 1.6922889 1.2692715 1.1856407 1.1745191 0.4627901 1.2098229 1.0564370 1.7785057 2.0833186 0.6401732 2.4897059 0.4895280 0.5270895 0.7351531 0.4917587 1.0446848 1.8750403 1.2791232 1.2098737 1.2836737 1.9040152 1.8404791 0.3168644 0.4341357 1.2068648 1.5221259 1.5897501 1.2431207 1.7812986 1.2560836 1.3775056 0.2485762 2.3105857 2.5059617 0.5127377 0.4540708 1.3022747 1.3330406 2.1492528 0.4901620 1.1900127 1.0187161 0.4367669 0.4846940 1.3380744 1.5619557 0.4163535 2.2980957 2.5003504 0.1992847 0.2757467 0.2334246 0.3079023 2.6779005 0.3182992 1.3737729 0.2205368 0.3231899 0.2823119 1.3905287 0.4765938 1.0086397 0.3153722 0.9236109 0.6090849 1.1991785 2.5074741 1.1940863 1.5568960 0.3670434 0.4681330 0.3582020 0.3912869 1.5399327 0.3345747 0.4676731 1.4216290 0.5046486 2.2162078 1.1475764 0.3577872 1.7309172 0.9139290 2.1290506 2.7032917 1.1547300 1.3404935 0.4496896 0.6692206 2.2569461 2.0190032 1.8146705 2.9319539 1.4795333 0.3005432 0.6434519 0.4367066 1.2641020 0.4168567 0.5295341 0.4940545 1.5521016 2.3835976 2.4088868 0.3391904 2.2270134 2.5310782 0.9448527 2.1922587 1.6060554 0.3629533 0.2841958 0.2828654 1.0128542 1.7358416 0.5248212 0.2515655 1.3513931 1.3901262 1.2220216 0.3441588 1.5050950 0.7464889 1.2996232 0.5010291 0.6264309 0.4901162 0.5646265 1.3466377 1.6132397 0.4798871 1.0756978 1.0972546 0.9658647 0.4038336 1.2292178 1.5083883 0.4337754 0.5045393 1.3168033 1.1666575 1.5946383 1.1528679 1.3747311 0.9110093 1.2046464 0.3917161 0.5821400 0.4797741 0.9632819 0.7171814 0.3565880 1.7018299 2.7369951 2.2467282 1.3506486 1.5155821 1.3857979 1.7027070 0.4653848 1.3485882 2.3183038 0.3833909 0.7863676 1.6941775 1.8466536 7.5597246 3.3345770 5.3239038 4.5161302 7.1957000 
WP_490504945.1         2.4677048 1.7238938 0.5345628 0.5606950 0.0000000 0.4290091 0.2727034 1.8388430 0.2972864 0.4893784 1.4105596 2.4559577 1.6767358 0.5443342 1.0665843 2.1616143 1.2766724 0.5294948 1.4577717 0.5180172 0.3567880 1.5494018 1.3797034 0.4469351 1.5022935 1.4711830 0.8268253 0.4279423 1.3881938 0.4211999 2.1967725 0.5793663 0.8099671 1.5407491 1.3693440 0.3559182 1.6937250 0.5824685 0.5362932 0.5384169 1.7096728 2.0980439 0.5482120 1.1635325 1.1746280 0.4844821 0.4734074 1.6538294 1.2775360 2.2099819 0.4895183 1.5225248 1.9589997 2.3306823 1.6111861 1.2931347 1.2763295 1.1684943 0.4517836 1.4300547 1.0879212 1.5471210 1.9737622 0.5793380 2.5547763 0.6071560 0.4533859 0.7458252 0.5775308 1.0971160 1.4519841 1.2432953 1.3716096 1.2849124 2.1045966 1.6505906 0.4930270 0.5272360 1.2374247 1.4370400 2.0599790 1.4103140 1.7996555 1.3121702 1.3957829 0.3588275 2.5519970 1.9139323 0.5280483 0.4748592 1.2123794 1.1274838 1.9508014 0.5491427 1.3821289 1.3926228 0.5575974 0.4530109 1.3184681 1.8586828 0.4519180 2.0371938 2.0066664 0.6001794 0.4025916 0.3489718 0.4657927 2.5304557 0.3893789 1.1665416 0.6543639 0.4063943 0.3929349 1.3239672 0.4324782 0.8438348 0.3448390 0.8212167 0.5722051 1.2119093 2.1870556 1.1367787 1.4419729 0.5596649 0.4750175 0.5681136 0.2716648 1.8085312 0.4350906 0.5551806 1.3628515 0.4764721 2.1579964 1.1400581 0.4136255 1.9311319 0.9254018 2.0972229 2.2948175 1.1547653 1.5017529 0.4041452 0.4559420 1.8449751 1.7730697 2.1923352 3.0537554 1.3499454 0.3895814 0.4697246 0.5619369 1.2197952 0.4290198 0.6884095 0.5057118 1.8118892 2.1876493 1.8538114 0.5679823 2.3821388 2.0961657 0.8723637 2.2753311 1.3355331 0.3784435 0.3228052 0.4935014 1.2160579 1.8659608 0.4634618 0.4475967 1.3420388 1.3393358 1.2391567 0.4886864 1.8176459 0.5145747 1.2956368 0.5159865 0.4925239 0.6263662 0.6389045 1.6578783 1.7924323 0.4725152 0.9332644 1.1114233 1.1472494 0.5454341 1.3327651 1.4441782 0.5206554 0.5462611 1.3401873 1.1766044 1.4396671 0.9583177 1.3967214 1.0172231 1.3932313 0.4549201 0.5765512 0.3771173 1.1653856 0.5447239 0.3418207 1.4077236 1.9477573 1.8500679 1.3263084 1.4010621 1.3653993 1.6802285 0.3350219 1.4752410 1.6324500 0.4453431 0.8186533 1.9273792 1.5810791 6.8081970 3.8115631 5.6287502 4.7421728 6.2758455 
WP_490479944.1         2.4904272 1.6554056 0.3239086 0.4966359 0.4290091 0.0000000 0.2792385 1.6654752 0.3280016 0.4786877 1.3357783 2.9075456 1.8334722 0.3694631 0.9950259 2.2692671 1.4271638 0.4555523 1.4847506 0.4133725 0.5167054 1.5660882 1.5360572 0.4448605 1.4986766 1.2967666 0.9315914 0.3817190 1.5319514 0.4292368 1.8064609 0.4768472 0.6577866 1.7858424 1.4739055 0.3987597 1.4543221 0.3719352 0.5033210 0.5385871 1.6993749 2.4630939 0.3658920 1.2662129 1.4305495 0.4998914 0.2865161 1.8060870 1.3466167 2.6306480 0.3808320 1.5980323 2.3291184 2.3499240 1.4252994 1.2902826 1.1404198 1.2084595 0.1620463 1.2742267 1.0511308 1.8395555 2.2114309 0.4461287 2.7508763 0.4804381 0.6221117 0.6858397 0.4975594 1.0819017 1.2953383 1.2685068 1.2873774 1.0662236 1.6432340 1.6265853 0.2860670 0.3595116 1.2032275 1.2755990 1.7766156 1.3033616 1.8838210 1.3019474 1.3237292 0.3033717 2.4136550 2.4107064 0.5105089 0.1277575 1.2704201 1.3691816 1.9769084 0.2748285 1.3852671 1.2617216 0.3514117 0.1268533 1.3159665 1.2532822 0.3830129 1.8527385 2.5187389 0.4880674 0.3249732 0.3418727 0.4243021 2.3746192 0.4781822 1.2266833 0.5943173 0.4878191 0.3706030 1.4992327 0.4172750 0.9154350 0.3772680 0.9156070 0.5135168 0.9364602 1.9349237 1.0278250 1.4547565 0.5955119 0.4308860 0.3447024 0.3491043 1.5481891 0.3474038 0.3157188 1.5649944 0.4705122 1.9459572 1.0403074 0.3990440 1.5691833 0.9628621 2.2248148 2.5592155 1.1056866 1.3292022 0.4501828 0.4406304 2.1865700 2.2172439 2.2550211 3.2231056 1.5027796 0.3679836 0.4647997 0.3778930 1.4515319 0.3853730 0.4114479 0.2879901 1.5201607 2.3380078 2.4600015 0.5667301 2.4138012 2.5988865 1.0048205 2.3403792 1.5545765 0.3870628 0.3678684 0.4630452 1.2584416 1.7769958 0.5076418 0.4866177 1.3805766 1.1880509 1.0795157 0.4533255 1.3495248 0.6557837 1.3750072 0.3037287 0.4784097 0.4438535 0.6637271 1.4888477 1.6839514 0.4226460 0.9566733 1.0299007 0.9557660 0.4066896 1.0776925 1.3843319 0.3434809 0.3943736 1.3408214 1.3574515 1.7137844 1.0782904 1.3412909 0.9247454 1.3796332 0.4194152 0.5803026 0.4366248 1.0583346 0.7203487 0.2769134 1.7019243 2.7323852 1.6366450 1.3653426 1.5037689 1.3286812 1.2141873 0.3807664 1.5973131 2.4333928 0.4525902 0.8595047 1.6744000 1.4210659 6.7098324 3.9401743 5.6236798 4.4264606 5.7892441 
WP_490376079.1         2.3342590 1.9143841 0.2015882 0.2121786 0.2727034 0.2792385 0.0000000 1.8177060 0.2232518 0.2538017 1.2936481 2.8791696 1.6572697 0.1711840 0.7915701 2.2061192 1.3680377 0.2106260 1.3473318 0.1760325 0.2123787 1.5047999 1.3482406 0.2115727 1.3271921 1.0639316 0.7479333 0.1688379 1.3226160 0.1748450 1.6310135 0.2560934 0.4923185 1.3550510 1.2089256 0.1126947 1.3716413 0.2527142 0.1725181 0.1899225 1.7279874 2.5916727 0.2300823 1.3438779 1.2844600 0.1965298 0.2442077 1.7089767 1.3130436 2.6083278 0.2527142 1.4065827 2.3273198 2.5466082 1.2372764 1.1127692 1.0175127 1.0265052 0.2764681 0.9997366 0.8133635 1.1363501 2.1868589 0.2032482 2.7630618 0.2034851 0.2504982 0.4669168 0.1797315 0.8322311 1.3510396 1.0652961 1.0792410 1.1596832 1.4484330 1.2996661 0.2048490 0.2392025 1.0317743 1.1099745 1.4886038 1.0086967 1.7884383 1.0573654 1.1750656 0.2012456 2.5736664 2.4552675 0.3333508 0.2760780 1.2221401 1.1634190 2.1397205 0.2287677 1.0606094 0.9929293 0.2187037 0.2564344 1.3018505 1.0057400 0.1918681 2.2987506 2.4024097 0.2483907 0.1513563 0.1421707 0.1389624 2.4141043 0.1311417 1.1615950 0.2257215 0.1435123 0.1296467 1.2597604 0.2147170 0.7246866 0.2021587 0.7657490 0.2193518 0.8959081 2.1219539 0.8869615 1.3450738 0.1466385 0.2192347 0.1795251 0.1912848 1.3210421 0.0638185 0.2269335 1.5046033 0.3173722 1.6680564 0.9027471 0.1982485 1.2679303 0.9396788 2.3668451 2.6604221 0.8266528 0.9936138 0.1974097 0.3162318 2.1713219 2.0946456 2.1924508 3.3002388 1.1812567 0.1935079 0.3188087 0.2233522 1.3401833 0.1684517 0.1654991 0.2173750 1.3730765 2.4157061 2.5359434 0.2420374 2.5737392 2.7449711 0.8087691 2.2227127 1.0633902 0.1887681 0.1248825 0.1607239 0.8536373 1.4308620 0.3434294 0.1980122 1.2180827 1.0631183 1.1569776 0.1986165 1.0360740 0.4965143 1.2747427 0.2298962 0.3063365 0.2682086 0.3293638 1.3755019 1.3077568 0.2453422 0.7530642 0.8599735 0.7765384 0.2203818 0.9185854 1.1321470 0.2113013 0.2681408 1.3360762 1.0125878 1.5214912 1.0393052 1.1577618 0.7879623 1.0826838 0.2235821 0.2475811 0.2371353 0.8965802 0.4315168 0.2572981 1.6334105 2.4767783 1.8670062 1.1539499 1.2244853 1.1255147 1.0589585 0.1883703 1.3192391 2.2237198 0.2179859 0.5685592 1.3492767 1.1236256 5.7712169 3.4739549 5.1864244 3.5874082 7.8075574 
WP_119614606.1         0.4999028 0.1401831 1.7848892 2.2499202 1.8388430 1.6654752 1.8177060 0.0000000 2.1770856 1.9200643 1.8068404 2.3211991 1.8775973 2.1638538 1.9896275 0.5299579 1.2358576 2.1219697 0.9834925 2.0733009 2.1167578 1.2510340 1.7338143 2.0930075 2.2186499 1.2005409 1.8594435 1.9287982 1.3066303 2.0793606 2.4265625 2.1099385 1.7616117 1.8968899 1.2389908 1.9332150 1.2308473 1.8676449 2.1228161 2.2470495 1.2873880 1.8849652 1.9276991 1.0864978 1.0811382 2.1039388 1.8252557 1.0040361 1.0002735 2.2661129 2.0269163 1.2780135 1.6137658 2.2374892 2.1685688 1.4414119 1.1590682 1.3715869 1.7656794 1.1546174 2.0024080 2.1656802 2.0462329 2.0169045 2.1651129 2.1364419 1.8638945 1.8276188 2.0674151 1.8966862 2.5353512 1.3258150 1.2776375 1.1991025 2.6610800 2.7732383 2.0634114 2.0147376 1.3911425 1.2014221 1.4713941 1.4826745 2.3428088 1.1612952 1.2072912 2.0174293 2.0352757 2.0130785 1.7725859 1.6920319 0.9848151 0.8686568 1.9027386 1.8208908 1.7439189 1.4343544 1.8413663 1.6912046 1.2256708 1.4041457 1.9603428 0.8494796 2.0693362 1.9271021 1.9018430 1.9608662 2.0486669 0.4623089 2.1628496 1.1860968 2.0920061 2.0395674 1.8829657 1.1481275 2.3338849 1.8756598 2.0860120 1.6431776 2.3673541 1.8058398 0.1485713 1.8583153 1.1048738 2.1614981 2.1112344 2.0931305 1.7783854 1.5878370 1.8501205 1.8716768 1.6903610 1.9792109 1.5664726 1.8516465 2.1099616 2.2059337 1.6026227 2.0493101 2.6471352 1.9815147 1.1992706 2.0042309 1.8609430 1.9644730 2.3784981 1.8553309 2.6529326 1.3414566 2.0220933 1.9320284 1.8337119 1.1785120 2.3155378 2.2029733 1.9603381 2.0205982 2.2892549 1.9939311 2.3578363 1.8640474 1.9899628 1.7782745 1.1499107 2.0078171 2.0174636 1.9309981 2.2508893 2.0841999 1.5457044 2.0665211 2.1795312 1.1254469 1.2812504 1.3083570 2.1146408 1.3653151 1.9227147 1.1288371 1.8302626 2.0833515 2.1530452 2.2196573 1.4146759 1.4592755 2.0245017 1.9678731 1.8889308 1.9799261 1.9913079 1.7142658 1.1478581 2.0991320 1.7818732 1.1444663 1.4059198 1.6848156 1.4308445 1.4147881 1.9755357 1.7858354 1.8948181 1.8001426 1.9292023 1.6698050 1.9902009 1.8785096 2.0177039 2.5064323 0.1580261 1.4095326 1.3150964 1.1914341 2.9006853 2.0622196 1.1176320 2.0569365 2.0614462 2.0402297 2.3828731 2.4909131 8.9999988 7.1049401 8.9999982 5.4320281 8.9999986 
WP_086481701.1         2.5822847 1.9617886 0.3756413 0.4376811 0.2972864 0.3280016 0.2232518 2.1770856 0.0000000 0.2997459 1.2400049 2.8444661 1.9808985 0.2319003 0.9526400 2.4906999 1.5766112 0.4820366 1.5459623 0.2849143 0.2867349 1.5438849 1.5264122 0.3776897 1.4339175 1.3798734 0.9824283 0.4335072 1.5953222 0.3004328 1.7814387 0.3536403 0.4925622 1.8234127 1.3704450 0.2979316 1.5539045 0.3420493 0.3604448 0.3367445 1.8152983 2.5620907 0.3242893 1.4110259 1.3484068 0.3814853 0.3508328 1.7884375 1.4387194 2.5309580 0.3235089 1.6265662 2.3404977 2.6436807 1.5177248 1.4213227 1.4122871 1.2613908 0.3484738 1.3459783 0.9950901 1.4577143 2.2160224 0.2819811 2.8371801 0.2985632 0.2996982 0.5103382 0.3803765 1.0659758 1.3972366 1.5008978 1.4620960 1.3205516 1.8199485 1.4751810 0.3211778 0.3359562 1.2712292 1.3071151 1.8938410 1.4022243 1.8674316 1.4454476 1.6053272 0.2219984 2.6752782 2.4158133 0.5131920 0.3233317 1.4512543 1.4269004 2.1855665 0.3174395 1.4599305 1.3992432 0.3282959 0.3434373 1.2662848 1.5123644 0.3289527 2.0632991 2.3768523 0.5329454 0.4229453 0.3330304 0.4229772 2.6617597 0.4002858 1.3132328 0.4781116 0.3480638 0.3623227 1.5946436 0.1840960 0.9671374 0.4257703 0.9202338 0.2501159 1.0125134 2.4247687 1.0810951 1.4091154 0.3725275 0.4180993 0.3206511 0.1743882 1.6706704 0.2519851 0.3508782 1.5306272 0.4233072 2.1480563 0.9757423 0.3693514 1.6792961 0.9069344 2.4606068 2.7167429 0.9482158 1.3583426 0.2524207 0.3812475 2.1495606 2.1420113 2.2814044 3.4081923 1.5108430 0.2883787 0.4429392 0.3307990 1.3677508 0.1833571 0.3792359 0.3065780 1.6161545 2.4610876 2.4955114 0.4207890 2.6752240 2.7242923 0.9494592 2.5793650 1.3103976 0.2395304 0.3021675 0.3318543 1.1740665 1.8669461 0.4083755 0.3376860 1.5741273 1.3382078 1.2963403 0.3654505 1.6096776 0.6104598 1.2941754 0.3209216 0.3873972 0.3691438 0.4793812 1.6753994 1.8543748 0.4438954 0.9326205 1.0327070 0.9746759 0.3446145 1.0973345 1.3813491 0.2873710 0.3908213 1.4490431 1.3499083 1.7821359 1.1001555 1.4897735 0.8698307 1.4226724 0.3016098 0.4064287 0.2537268 0.9988470 0.6083881 0.2508521 1.6121242 2.4154672 2.1879202 1.4159624 1.5464102 1.3084805 1.2763521 0.1215958 1.5802736 2.0549119 0.3758173 0.6163633 1.8374042 1.5051713 5.5760758 3.5874147 5.5025231 4.3432847 7.3886981 
WP_490371214.1         2.8594025 1.8089179 0.4483448 0.5470973 0.4893784 0.4786877 0.2538017 1.9200643 0.2997459 0.0000000 1.4825401 2.6053877 1.9526092 0.4210780 1.1734460 2.6901415 1.4836858 0.5392754 1.5862124 0.3706682 0.3594065 1.7180801 1.7551330 0.4333273 1.6925227 1.7062295 0.9945825 0.4428454 1.6580192 0.4476535 2.3576189 0.5093350 0.6082538 1.8046634 1.3363372 0.3024560 1.7041454 0.5015007 0.4837184 0.5340833 1.5035546 2.4099096 0.5372340 1.5475777 1.4684583 0.5874054 0.5183137 1.5492802 1.5275888 2.4030373 0.4741324 1.7316269 2.3363411 2.3177950 1.7740954 1.4785409 1.2576715 1.1557120 0.5092311 1.5392328 1.0707403 1.4417695 2.1970704 0.4432772 2.6622215 0.4764088 0.3985118 0.6556119 0.4343055 1.1733657 1.8091507 1.2813918 1.4756403 1.3203107 2.0249252 2.0953436 0.3209528 0.5080484 1.4494654 1.6002636 1.9811050 1.6294979 2.0435023 1.6767455 1.4686576 0.3290374 2.6594280 2.4215429 0.4467287 0.4455811 1.4169593 1.3818006 2.1263295 0.4744708 1.6099205 1.4304883 0.5058270 0.4564910 1.3975530 1.7287210 0.4529667 2.0540265 2.3274449 0.5562252 0.4413312 0.3659633 0.4256387 2.4838056 0.3555864 1.3003072 0.6125205 0.4289635 0.4535573 1.3818314 0.3934861 1.0445939 0.3844986 1.0253595 0.4393812 1.2537448 2.1908084 1.2692487 1.5762833 0.5577819 0.4201026 0.3780442 0.3249775 1.6647941 0.4054850 0.5753557 1.4436956 0.4171932 2.3795914 1.2881154 0.3396788 1.8522242 0.8366479 2.4422646 2.5037427 1.2636533 1.5834028 0.2926980 0.5901888 2.0057992 2.2356990 2.1246935 3.4053433 1.6114610 0.3345797 0.6420782 0.3780579 1.4187726 0.3305795 0.4945051 0.3329542 1.7883039 2.4162752 2.5009086 0.6735887 2.4836383 2.5164404 1.1251871 2.3239206 1.8999825 0.2563903 0.3732552 0.4804087 1.4493204 1.7141067 0.4969809 0.5400320 1.6807273 1.5538880 1.5772018 0.5540127 1.8004630 0.7436306 1.4350018 0.4624220 0.6104087 0.5189302 0.6773750 1.5129707 1.6036321 0.4548366 1.2667286 1.1462047 1.1710068 0.4631759 1.3148773 1.4278636 0.4922779 0.4520960 1.5438309 1.2427431 1.9248299 1.1870493 1.6806058 0.9828093 1.2946774 0.3869410 0.4181009 0.3505745 1.3757358 0.6931206 0.2248862 1.8445345 2.3810229 1.9310729 1.3172614 1.6407293 1.4687615 1.7047587 0.3585582 1.6193064 2.2537494 0.5534948 0.8549270 2.0020344 1.4949692 6.2934139 3.5713482 5.3558651 4.3429557 8.4186920 
WP_489833465.1         2.2064626 1.5219942 1.5813385 1.3421833 1.4105596 1.3357783 1.2936481 1.8068404 1.2400049 1.4825401 0.0000000 2.0831485 2.0059786 1.5150484 1.3838705 2.0775502 0.9038718 1.3460971 0.7072810 1.1944043 1.4743040 0.8305871 1.4570999 1.4315780 2.3380860 0.7895919 1.5049488 1.3810713 1.2597204 1.4781146 2.5567350 1.5051706 1.7745379 2.2147903 0.8887181 1.2973069 0.7188924 1.7236551 1.5567331 1.4160144 1.1694877 1.6080595 1.5652264 0.8185101 0.6799753 1.4724509 1.3824033 1.4546949 0.7163966 1.8852985 1.5694090 0.7073664 2.1970193 2.1408863 2.2874444 1.3722971 1.3558162 1.3713210 1.2417400 0.8478515 1.5708007 2.3981201 2.1691097 1.4737493 2.2196372 1.6386389 1.3616438 1.8278497 1.7254713 1.4588861 2.5323221 1.3478123 1.2025037 1.4975989 2.6454201 2.1038205 1.6130876 1.7287394 0.9181277 0.9049352 1.5300105 1.1638903 2.0029977 1.2570079 1.3729874 1.3747277 2.1573384 1.7828663 1.6459050 1.3008837 0.7964837 0.8399426 1.8481622 1.3696487 1.0641029 1.0204045 1.5493168 1.3099173 0.6836680 1.3053743 1.5058487 1.7951994 1.9552978 1.4156785 1.3522286 1.2986087 1.3239083 2.4752890 1.3204468 0.6049981 1.4520063 1.4256746 1.3611910 1.0291188 1.5239457 1.5040502 1.3215985 1.4764298 1.5492168 1.5156748 1.9597807 1.5149831 0.7384674 1.5159927 1.5799234 1.6266411 1.3352679 0.9759299 1.6467811 1.4339522 1.3216175 1.5481224 1.2541102 1.5428572 1.4319851 3.3230728 1.8591113 2.0465549 2.3751507 1.6711257 0.9818064 1.2745003 1.5493638 1.7714144 2.8460697 1.7227955 2.5490179 1.2308181 1.4051086 1.5939172 1.4950746 1.1228136 1.4555102 1.5448041 1.3502119 1.3316922 2.5682119 1.7145254 1.3811198 2.3249616 2.2842769 1.4772135 1.7825783 1.7806869 1.3687765 1.3313200 1.5988234 1.7028964 1.3192138 1.4653669 1.3414374 0.8313942 0.8218467 1.2381415 1.4649401 1.2396021 1.5078013 0.7083556 1.6404085 1.2992260 1.5061405 1.6289797 1.3828490 1.2934909 1.6806152 1.5731225 1.5770630 1.4878372 1.6993455 1.5248738 0.8906634 1.6236518 1.4682382 0.7674154 1.1643563 1.1891957 1.0177246 1.1527645 1.3398295 1.6160803 1.7487398 1.4707114 1.4920338 1.3293755 1.5452524 1.1371185 2.0847481 1.9432394 1.8499948 1.1810029 1.2540506 0.7119240 2.1526179 1.1861157 0.8357805 1.8472567 1.4342705 1.5540432 3.3626754 2.7621700 8.9999985 6.6021697 8.5708634 8.5039112 8.9999989 
WP_489794761.1         2.4043498 2.4768991 3.0158906 3.0087401 2.4559577 2.9075456 2.8791696 2.3211991 2.8444661 2.6053877 2.0831485 0.0000000 2.3948744 2.7295228 2.5035472 2.1374904 2.3180414 3.0087401 2.0151491 2.7568179 2.8857102 1.9217188 2.5474729 2.8614472 3.1313901 2.2265662 2.2036801 3.0594232 2.0178112 2.8707206 2.6072442 2.8317777 2.8462593 2.4092584 2.4746022 2.9627485 1.9827028 3.2291495 2.8614472 2.9258582 3.5863751 0.2576022 3.2291495 2.2328722 2.0092031 2.8614472 2.8972988 2.0123403 2.1787194 0.2334434 3.2291495 1.9164601 3.4236692 2.0841797 3.9973114 2.4700335 2.4287098 2.3199601 3.0122281 2.0416580 2.4688918 3.5392156 1.2215400 2.7897086 2.3820692 3.1859702 2.8762014 2.9542131 3.1415511 2.5081609 3.6320708 2.2726326 2.2397721 2.4815879 4.9839873 4.8095419 3.2867681 2.9806516 1.8820517 2.1579248 2.3568783 1.9383345 3.2484983 2.1526372 2.3334767 3.2013415 2.7766027 0.8434681 2.8062302 2.9075456 2.0394837 2.0025910 1.4036967 3.0353780 2.0835407 2.0402192 2.9741006 2.9075456 2.0193231 2.2182896 3.0050116 2.2004850 0.1601431 3.0066731 3.0594232 3.0594232 3.0594232 2.5745841 2.9627485 1.9776036 2.9576538 3.0193235 2.8901961 2.2731171 2.8857102 2.1917191 2.9461191 2.0550732 2.8014301 2.4734549 2.6073303 2.4056869 1.9837839 2.8707206 2.9631970 3.0799131 2.8336461 2.0903834 2.1812222 2.9988600 2.1542006 2.7404497 2.0180538 2.3896800 2.7321059 4.0912699 3.4374453 2.6568036 1.3718722 2.4315091 2.2445875 2.4714102 3.5314365 0.1274761 1.2922957 2.4259246 2.5614633 2.4648986 3.0674350 3.5314365 3.0379420 2.4716421 2.7510522 3.1660274 2.7617318 2.7765359 1.8235406 0.7525404 3.0938348 2.9577027 0.3214983 2.1222224 2.2354081 2.6872649 2.8152623 2.8901961 3.0485495 1.9313680 2.2276366 3.0486534 2.9258582 2.5481054 2.0891188 2.3713624 2.8614472 2.0877995 2.8955873 2.0264763 2.9741006 2.7804839 3.0486534 3.0992374 2.1246786 2.1342546 3.0299956 2.3378192 2.4312155 2.5131237 2.9741006 2.3154361 1.8271064 3.0743792 2.7498108 2.1538418 2.1915440 2.6608771 2.6355438 2.1101925 2.4146136 2.6292755 3.2291495 2.7461316 2.8791905 2.2408830 2.7215553 2.9194682 3.8863084 0.9329997 2.4143758 2.8601248 2.5574231 1.9021521 3.3470319 2.8793147 2.2036766 0.5909139 2.8614472 3.2061989 3.6356092 3.6258221 8.9999989 7.9452698 8.9999987 6.0999773 8.9999988 
WP_489609707.1         2.3830154 2.1964273 1.7191818 2.0971790 1.6767358 1.8334722 1.6572697 1.8775973 1.9808985 1.9526092 2.0059786 2.3948744 0.0000000 1.8866269 1.6674519 2.0294313 1.8779938 2.0095313 1.6364686 1.9276979 1.8658394 1.7942783 2.2880874 1.8991548 2.3458176 1.8836405 1.6947141 1.8359008 2.0240972 1.9749098 2.1130223 1.9701401 2.0460272 2.4770439 1.6798254 1.7440341 1.7261928 2.0875870 1.8776625 2.2486325 2.1180480 1.9191406 1.7843338 1.7415129 1.6394131 1.9333858 2.0396682 2.3478533 1.7383628 1.9493324 1.9145551 1.6474520 3.5538685 2.6170890 1.6236850 1.8236162 1.6719073 1.7868692 1.9012893 1.7906247 1.6329604 2.3254454 2.1344158 1.8736674 2.2787648 1.8614463 2.0055443 1.9881583 1.9157799 1.9047796 2.0150807 1.7386291 1.7776953 1.8832087 3.0376621 2.2034168 1.9223232 1.8976041 1.5570456 1.8830542 2.2272918 1.7550782 2.5676880 1.8677672 1.7131750 1.8722337 2.9289364 2.2426977 2.0695509 1.6743066 1.5973997 1.6917844 1.9731759 1.9833604 1.9303966 1.7693406 1.7765596 1.7324608 1.7388998 1.6826400 1.7182481 2.8040449 2.1201753 1.8468680 1.7907948 1.7152048 1.6858380 2.2543382 1.9014411 1.5091970 1.7879603 2.0506293 1.9633129 1.5376624 1.9702020 1.7191151 1.9647965 1.6598101 2.0990503 1.5325199 2.3374769 1.6732488 1.7611042 1.9723004 2.1776070 1.9821512 1.7881745 1.5832797 1.6105256 2.0489924 1.7784779 1.7394928 2.1027728 1.6533336 1.6922085 2.6119303 2.2249146 2.5653557 2.1241124 1.8006105 1.7676785 1.9644336 2.0240784 2.1228197 2.3687050 2.6137711 2.5877105 1.8418122 1.8953680 2.0444724 1.8619072 1.9219673 1.9625466 1.7266137 1.7907592 2.0805841 2.3520882 2.3692181 2.4259273 2.8564629 1.9287479 1.7051056 3.0247048 1.8900376 1.9986326 1.8044491 1.9956393 2.0919700 2.2549776 1.8935208 2.0181954 1.9030992 1.7710056 1.4312534 1.7571370 1.5636181 2.0283949 1.6333346 1.7335585 2.1205531 2.0210552 2.0854957 2.5087007 2.1331671 1.9479865 1.7242192 1.7685290 1.7551241 2.4977493 1.7135427 1.7626417 1.9064867 2.2601554 1.6781973 1.7505820 1.8232958 1.8461033 1.7804348 1.6574265 2.1684573 2.1051809 1.9956115 2.0281991 1.6625330 2.1483876 1.9087092 2.2571430 1.6386694 1.9875237 2.0143375 1.9225039 1.6054888 1.8062449 2.0968201 1.6592345 1.9507345 1.9390003 2.9544324 2.4460764 2.2340739 8.9999984 4.9864128 8.7556282 6.9554619 8.9999986 
WP_061237443.1         3.0323100 2.0709286 0.3983754 0.5338908 0.5443342 0.3694631 0.1711840 2.1638538 0.2319003 0.4210780 1.5150484 2.7295228 1.8866269 0.0000000 1.1520016 2.8018263 1.4955653 0.5450902 1.7764265 0.3546650 0.1611131 1.8199437 1.7391624 0.3090059 1.5437659 1.3183742 0.9885195 0.3405396 1.5122158 0.3811005 2.2031962 0.2033456 0.5782652 1.7509329 1.5204979 0.2006741 1.7246884 0.3776755 0.3215489 0.3794673 1.8339735 2.4870102 0.4878226 1.4599542 1.4791246 0.2542115 0.3601098 1.6603763 1.3553163 2.4304017 0.3656918 1.8234321 2.3035186 2.6064811 1.5339003 1.2569256 1.2550230 1.1376214 0.3890857 1.2749440 1.1206546 1.3103549 2.2731747 0.2889401 2.7847692 0.4193132 0.3707044 0.6136926 0.4472604 1.1668495 1.5387436 1.3898315 1.3580761 1.2342672 1.7422599 1.6073534 0.3289481 0.3488512 1.3258823 1.3621050 1.8721777 1.4352809 1.7607330 1.4668381 1.4086874 0.3124541 2.6306518 2.5275147 0.5089037 0.3566211 1.4107140 1.2780307 2.2253699 0.2927532 1.4758824 1.4268246 0.3728212 0.3865192 1.4342041 1.4420266 0.4656524 2.3152650 2.3070703 0.5458492 0.3235899 0.3660704 0.3465775 2.9146865 0.2965162 1.3770368 0.4808030 0.2354617 0.2968415 1.5853254 0.1520283 1.0339376 0.3316278 1.0029122 0.1902782 0.9970997 2.5980514 1.1707793 1.6524019 0.4578539 0.3483222 0.2619619 0.1672107 2.0188967 0.2542099 0.4007857 1.6322530 0.4413148 2.1638331 1.2749792 0.2558605 1.8738743 0.9155872 2.4208434 2.5545776 1.3134070 1.3843488 0.1892173 0.5357182 2.0646950 2.1756766 2.2547850 3.3467857 1.4465449 0.2895425 0.5339804 0.3114711 1.4563859 0.1106975 0.4981111 0.3828810 1.6075563 2.4698658 2.6103150 0.4690093 2.6306613 2.6114325 1.0803560 2.8605027 1.6381215 0.2537398 0.2910881 0.4260394 1.1914310 1.8734303 0.4310796 0.3050887 1.4317438 1.3015967 1.2960349 0.2508999 1.4743589 0.7758897 1.4207999 0.3854889 0.4369230 0.4505874 0.5340071 1.6090511 1.6991508 0.3315205 1.0845991 1.1074063 1.1198148 0.3833482 1.2633706 1.3185933 0.3586425 0.4147589 1.5472464 1.3594251 1.5219637 1.1735395 1.7349903 0.9895875 1.4989307 0.3340666 0.4403596 0.1833729 1.1224821 0.6538279 0.2191957 1.5375526 2.3801071 2.2452361 1.3675163 1.3820417 1.4849878 1.3814057 0.2431987 1.5360584 2.1592595 0.3005622 0.7572151 1.9357217 1.4414247 6.4983827 3.7341658 6.0665562 3.8002565 8.9999981 
WP_054141683.1         2.5699032 2.0612137 1.1407300 1.0039351 1.0665843 0.9950259 0.7915701 1.9896275 0.9526400 1.1734460 1.3838705 2.5035472 1.6674519 1.1520016 0.0000000 2.3016196 1.2627755 1.0793204 1.4909090 1.1047976 0.9600508 1.4686386 1.3572242 1.0783805 1.7599553 1.4469384 0.2736697 0.9478507 1.4441545 1.0306519 1.1843670 1.2563183 1.3048829 0.9604164 1.3687870 0.8209060 1.4977303 1.1637076 1.1113777 1.1054453 1.4392711 2.2810192 1.0639152 1.4053621 1.1572059 1.0726585 1.0526779 1.6850587 1.1071951 2.1457357 1.1437897 1.4884751 2.2523268 2.2157431 1.8996226 1.3240292 1.0873113 1.0968612 1.0164340 1.4219006 0.2132294 2.1514968 2.0798123 1.0910461 2.1160780 1.1675653 1.0098648 1.1841601 1.2189322 0.2205978 2.0488737 1.1773472 1.2703104 1.3075148 2.1105496 1.9853860 1.1466348 1.1289322 1.1723556 1.5700580 1.9557681 1.2606354 1.7090070 1.3804701 1.2478907 1.0605394 2.5590394 1.6897500 1.2123417 1.0235078 1.1664672 1.2537160 1.9634380 1.0012442 1.3588503 1.1455047 0.9948504 1.0329072 1.1653438 1.3340757 1.0529676 2.0403543 2.2097510 0.9559225 0.8724580 0.9672582 0.9790314 2.5567196 0.9762094 1.2442094 1.0730450 0.8816597 0.8961653 1.3663323 1.0753786 0.3802101 0.8208632 0.3248896 1.0866035 0.4142417 2.1470095 0.2763022 1.4045359 1.1337765 1.1198396 1.3220459 0.9522004 1.4415889 1.0907430 1.0545905 1.0475872 0.9251717 1.9667426 0.3645894 0.8952884 2.5389469 1.5426655 2.4028549 2.2825576 0.1524622 1.1894963 0.9911285 1.1063214 2.1306789 2.3655620 2.2567176 2.4525878 1.1451472 1.0391119 0.9898286 1.0437048 1.2049772 1.0015526 1.1058442 1.1167522 1.2208700 2.4942131 1.8976660 1.2483936 2.7741902 2.2119368 0.2950834 2.4017859 0.6004857 0.9936824 0.9990234 1.1524100 1.1854436 1.9707362 1.0843132 1.0057859 1.2521535 1.4304206 1.1717285 1.0420152 1.1859743 1.1898355 1.1126272 1.1303431 1.0480898 1.1598848 1.1593463 1.3738954 1.7685019 1.1885410 0.3161616 0.2636271 0.3275615 1.1630647 0.3828841 1.4616752 1.1549696 1.0254740 1.2878449 1.0606916 1.3689509 1.1971148 1.1468262 0.4029718 1.1445610 0.9459436 1.0248448 0.9350574 0.3080331 1.1274669 0.8263672 1.6892118 2.3081463 2.0503680 1.3787968 1.1008324 1.4043743 1.7829774 0.9389816 1.2589605 2.0079762 1.0223896 1.3094972 2.6343268 2.0553725 8.9999982 4.8330735 6.8095633 6.0732063 8.2980190 
WP_011275895.1         0.1744423 0.5821873 2.5243409 2.9580549 2.1616143 2.2692671 2.2061192 0.5299579 2.4906999 2.6901415 2.0775502 2.1374904 2.0294313 2.8018263 2.3016196 0.0000000 1.6360324 2.9642760 1.3373389 2.6018797 2.4676723 1.3820224 2.4709504 2.5309223 1.7669156 1.8401480 1.9275745 2.4164298 1.9455681 2.4904197 3.1975743 2.6510829 2.0971820 2.4981009 1.4833978 2.3740300 1.5671961 2.8534449 2.6830940 2.5097634 1.7306575 1.7002875 2.5961859 1.6257348 1.3513937 2.6078970 2.2131123 0.8405941 1.2863002 1.8894166 2.6657830 1.4177916 2.0214167 2.0576088 2.9852006 1.9490092 1.7517059 1.7725488 2.2989508 1.7946316 2.3460956 2.5668423 2.0666031 2.6714196 2.1185066 2.8492200 2.2053808 2.3930244 2.3824217 2.0789283 3.5314551 1.7775199 1.6894334 1.7453352 3.4391048 3.6758651 2.4851306 2.7976321 2.0434976 1.8188010 1.8413287 2.0251860 2.7252466 1.7229360 1.7269155 2.3113323 2.2109561 2.5316414 1.9862820 2.3536774 1.4486925 1.2670740 2.1125246 2.6318705 1.9955810 2.0202506 2.3913900 2.3297946 1.4373382 2.5579385 2.4160088 0.7882599 1.8612010 2.6204983 2.4147027 2.6386706 2.5946567 0.1760631 2.4531150 1.3279431 2.6437289 2.3830633 2.3715371 1.3652831 2.7497749 1.9589027 2.6726882 1.9459675 2.6600808 2.0754509 0.7002240 2.1840023 1.4505826 2.5010714 2.7402078 2.6678474 2.3773474 1.8851640 2.5650077 2.4392022 2.1826613 2.4792431 2.5281494 2.3258121 2.2953671 2.7981439 2.1619128 2.2944383 1.9764869 2.5134303 1.7615245 2.3078013 2.6022177 1.7489795 2.5017145 2.1350934 2.4724364 1.7632984 2.3263941 2.6246787 2.1949107 1.6139471 2.5157017 3.0761964 2.7812473 2.6735757 2.4675754 2.5926852 2.5427934 2.2432225 1.8328563 2.0598554 1.1185426 3.0670924 2.3593806 2.3887999 2.4723821 2.6952087 2.1172976 2.2722430 2.2575409 1.3018808 1.8183744 1.9385279 2.6453569 2.5936203 2.4049377 1.2569619 2.3675081 2.9118967 2.5315907 2.4125463 2.0509531 1.8306828 2.4962824 2.0646139 2.3128691 2.1205300 2.7143882 2.4256351 1.8106850 2.8825064 2.5570875 1.3390401 1.7080525 2.1329691 1.7855741 2.2642574 2.5190003 2.5641774 2.2348306 2.6984921 2.4216029 2.2730985 2.2334303 2.3499255 2.7240354 2.1728953 0.5936687 1.8614390 1.8489454 1.4262764 3.4992471 2.2500909 1.4430397 1.8933883 2.6448208 2.6028357 2.6072484 3.2198975 8.9999986 7.8216540 8.9999985 6.9321328 8.9999983 
WP_143997766.1         1.8913010 1.2905425 1.5126445 1.4465445 1.2766724 1.4271638 1.3680377 1.2358576 1.5766112 1.4836858 0.9038718 2.3180414 1.8779938 1.4955653 1.2627755 1.6360324 0.0000000 1.3613647 0.7032697 1.5100638 1.6105478 0.8106736 1.0389135 1.5146856 1.7629826 0.8715345 1.3159940 1.4797665 1.1128329 1.5408020 2.1762321 1.3669133 1.7365964 1.4624133 0.6240323 1.4432071 0.7301653 1.5218197 1.6784183 1.6537487 0.7935148 1.7364744 1.6439180 0.3344160 0.6043103 1.5941933 1.4470730 1.0689646 0.1927045 2.1198451 1.3510811 0.6813051 1.5448786 1.9530615 2.2563992 1.0289473 0.8633731 0.9541996 1.4079768 0.8211091 1.3007444 2.5241335 2.2179589 1.3271844 1.8809349 1.5445752 1.4393837 1.6931419 1.6511706 1.3408041 2.4556430 1.0342531 0.8887728 0.9982667 2.0307180 2.2666087 1.3237342 1.4566532 0.8888911 0.7210939 1.1544723 0.7835575 1.9347140 0.8342315 0.9629939 1.5527844 1.4278727 2.0952199 1.6253564 1.4671524 0.3245473 0.3596011 1.9589223 1.5253707 0.8354979 0.7640325 1.6115830 1.4385975 0.7159204 0.9986574 1.5369642 1.7156316 1.9129566 1.2273900 1.4312486 1.3837436 1.4489009 1.6322281 1.5291924 0.6040914 1.4134527 1.5549507 1.3828523 0.6171069 1.6376187 1.2407998 1.5151439 1.2366626 1.4449653 1.2770273 1.4020416 1.3386263 0.7782152 1.5302526 1.5143206 1.5068168 1.5666376 1.3646458 1.7691609 1.5124833 1.1179265 1.6040611 1.3546604 1.3161779 1.4133159 2.7127067 1.6623287 1.5894687 2.3156906 1.2626586 0.9383731 1.4707539 1.4226630 1.8696959 2.5064847 1.6923805 2.2022014 0.9811549 1.4798937 1.3355013 1.3971919 0.8623699 1.5497514 1.6168792 1.4923784 1.1567805 2.3761777 2.1178256 1.6899426 1.6157200 2.1787359 1.2557729 1.6927166 1.3980707 1.6100024 1.3828523 1.6139850 1.2306157 1.1048107 1.4859106 1.6321117 0.5013955 0.8175230 0.8899180 1.6012864 1.0685519 1.4239108 0.6508644 1.6330551 1.4830656 1.5853650 1.6464739 1.0304623 1.0505479 1.5770990 1.4298547 1.4411965 1.4669452 1.3544230 1.3268978 0.8066793 1.3968044 1.4518122 0.5289432 0.8819127 1.0797145 1.0488687 1.1233721 1.2495272 1.0905889 1.4324072 1.5466411 1.5231504 1.3123428 1.5060557 1.3333220 2.0799995 2.3537192 1.2670065 0.8951976 1.0395641 0.7041682 2.3175290 1.6320132 0.4235499 2.4470708 1.5221878 1.8592729 3.1909364 2.7102238 8.9999984 4.5570335 7.7531840 5.5395832 8.9999982 
